784437022207250432,481461219
784437043153604608,705770005636321280
784437044613230592,2225323670
784437053660471296,1282825729
784437059758858240,762084834864877568
784437060107198464,308753213
784437073059033088,760395242
784437081699291136,271528222
784437084731928580,230435960
784437113148276736,408777266
784437114716827650,763431372480393217
784437124921634816,59572157
784437133964636160,761617499922268161
784437135742865408,340500300
784437134916591618,1881027883
784437137210880002,727558548540956672
784437137517064192,131056491
784437138385412096,747200707527311360
784437144035164160,2242884936
784437155544244224,801168552
784437165266726912,3107909896
784437179577536513,35567361
784437185718157312,19380916
784437199546753024,23917469
784437205313867776,3899793796
784437218563596288,383294284
784437229183602688,19802846
784437235949023232,2337999540
784437237215817728,2638089481
784437238675468290,2233811049
784437269839118336,2742938653
784437278563246081,30798677
784437294451208192,711305198421946368
784437296368058368,121273013
784437306866425860,27606709
784437308095205376,49435857
784437314789466113,400908009
784437315913576452,30543406
784437317758881792,3034782866
784437345965608960,757060562916220928
784437347471413248,701882907254771714
784437366861602816,37010072
784437391998103552,2752433928
784437394409914369,559102752
784437395617878016,385537554
784437395986997248,705814755869470720
784437396398043137,2414913756
784437397857579008,93798362
784437400592379904,411809274
784437406489452545,1678371252
784437408079220736,725348771245228032
784437414622179328,3075515652
784437418074046464,2998864022
784437423509938176,731256759117996032
784437425699295232,271986890
784437436449329152,252935567
784437441717415936,2576160306
784437454166110208,1599600042
784437459325190145,2826410182
784437459736076288,2225323670
784437462542192640,2315583427
784437468443451392,716510036390850560
784437469618040832,2331039880
784437470930800642,431644331
784437472738484224,3267813259
784437497145225220,2189730625
784437503902126080,3272943752
784437504707559424,431644331
784437517843992576,104170629
784437519593136128,329379232
784437521631420416,3239000834
784437522747170816,2430755347
784437525666553860,750776657523408896
784437535401467904,431644331
784437543811031040,1352913667
784437549808906240,3565248672
784437550597414912,1486451796
784437557870419968,1278973044
784437562165166080,54740186
784437563922616320,346947239
784437570277105668,713405042
784437577025748994,431644331
784437586869653505,733663385443782656
784437586802700290,385945973
784437587754754048,39400156
784437591621771264,703755811399585793
784437591139610624,1301230057
784437609221263360,4010268274
784437621124661248,1182902648
784437626602270720,557349934
784437629701984258,15640075
784437640678563840,1301244769
784437660949573633,4175155288
784437671464763396,40699114
784437683032436736,55072011
784437683665956864,250433326
784437684701794304,131015067
784437694860374017,1602242072
784437694487269376,58305061
784437698354221056,18267698
784437710014582784,718283360540442624
784437715953602560,482933199
784437718054875136,1917632858
784437752993546241,4475300483
784437756852264961,3321952723
784437765186396160,130226194
784437767488966656,15129460
784437769049346048,792620006
784437770156638208,82712110
784437793581707264,154228382
784437795758575616,299893741
784437798329651200,45687114
784437799059685376,732215336158826497
784437801295159296,25730272
784437808555450369,751630413769113601
784437812162691077,18851248
784437813689278464,90483217
784437830520942592,992031
784437844047638528,85329284
784437857578475521,2998679640
784437873328156672,702196876360216576
784437889455108096,154059902
784437898812592128,436030093
784437907029266435,771913492001595392
784437916533596160,72532383
784437922929840128,3733874901
784437928210657280,729808344005873664
784437928780967936,203560167
784437930848882688,216068678
784437931608072192,1732121486
784437933558247424,743508161915555840
784437934309019648,21647998
784437937433903104,898265239
784437938608336896,264451340
784437938876772356,58305061
784437939874910208,3062262691
784437951296000001,701259623894921217
784437952294318080,15867263
784437968119271425,274891222
784437979188195328,2580423060
784437986612092928,35979866
784437987161542656,774259972830064640
784437993415270400,75087004
784437998305677312,23691853
784438003343106048,3126563358
784438003791908865,2537788202
784438012172271617,20543606
784438013883453441,1671103045
784438037375750145,3003608914
784438039300964353,760168036661944320
784438038990557184,286432534
784438043428003840,220816342
784438052907126784,4541361673
784438053070774272,3581092576
784438054152830976,2933398158
784438057118396417,781684129465335808
784438062835048448,3241223679
784438077284638720,28577697
784438078471634944,1520809028
784438082003165184,75647144
784438092375687168,3218954806
784438092560236544,703396993985441792
784438099178815488,1209707251
784438101439545344,1329183702
784438103624839168,2749640440
784438104660729856,756601701994405888
784438114232205313,352657729
784438116106899458,2211896856
784438117180645377,2818744760
784438123954524160,4859134607
784438133257539584,20157505
784438139356151812,75437441
784438152870014976,1483134446
784438153184677889,733428686150467584
784438156938518528,579959112
784438159543144448,2430646356
784438167369768960,771913492001595392
784438167382306816,17901333
784438171886944258,771702470305255424
784438178887315456,4771593853
784438184620941312,324455870
784438188857298944,783509010720837632
784438191386349569,459259315
784438202643775488,3194487422
784438203491217408,23394247
784438216229326848,303593922
784438223439179776,3079759801
784438229701234688,4438447400
784438233941831680,419951705
784438235208507392,703317145200025600
784438239105052673,14055791
784438251507552257,18142266
784438258302226432,758897050058534912
784438266204397568,148677576
784438269643595776,20078994
784438273816956928,1038452444
784438276312576000,4438447400
784438292808867840,1281504751
784438301163872257,3239115734
784438322202611712,2826410182
784438322735124480,3225518754
784438336479825920,25542224
784438337385992192,1014266652
784438337746632705,3766254975
784438345820622848,259490295
784438350660902913,976917757
784438365097689088,1265365304
784438369979891712,907123482
784438380432089088,712634960281223168
784438387948347394,24428699
784438389839921153,456402029
784438390972420096,3320379743
784438390716596224,225987819
784438425302736896,18766459
784438430482763776,17212474
784438451802218496,5449032
784438450506301440,7309052
784438455908564992,4739229736
784438458756374529,3733874901
784438459272404992,751076316657684480
784438460958597120,279118291
784438467036151810,1383905040
784438472270635008,138395304
784438474661302272,1650858084
784438479325392899,898265239
784438483758612480,766547376
784438494231793664,724050768106500096
784438497583194113,97470288
784438501580296192,33320692
784438504138956805,4102376488
784438513328648193,4102376488
784438525466906624,4102376488
784438543141761024,28878869
784438543745622017,3625883356
784438557226242048,766024507765186561
784438558853468160,710212680078983168
784438573328105472,700672894578221057
784438576826159108,713061530892427265
784438577967030272,1669056901
784438600419147776,880357188
784438607327014912,702934116220559360
784438608874921985,2724108939
784438616797741057,4179836361
784438620803522560,702919804303360000
784438629120741376,711601518273818628
784438641397526528,255519585
784438657004343296,749627140887371776
784438657910386689,358457048
784438660821155840,722326109715623937
784438659529465856,15627208
784438667557220352,1374635094
784438669075632132,257037679
784438669742596097,3517459643
784438669709025280,255519585
784438679402151937,1282782049
784438692710457344,733388252355297281
784438694069403648,1374635094
784438697034780672,2369654078
784438708569112576,710212680078983168
784438709089427456,582492948
784438712214007808,54959092
784438713535328256,1437056378
784438724704763904,1490914789
784438731797172226,25542224
784438732745244673,181190970
784438737027510272,524089813
784438740303351809,773983063936294913
784438762281533440,36796566
784438765460807680,65028873
784438764521291776,159537136
784438796322504704,14624317
784438803381485568,400280176
784438807705755648,713127503351713793
784438823820275712,2980625739
784438829549817857,784865526
784438841109192705,231721136
784438846024929280,4281230898
784438846872096769,24146830
784438849632030720,228518954
784438854371672066,3854848703
784438856762335232,2894256669
784438857739669505,763337086359527424
784438861879357440,40144113
784438890203639808,885311628
784438892179128320,112593696
784438903390470144,1214417917
784438908201340928,66014792
784438918351433728,779337133744009216
784438928732545025,28009377
784438935388758016,1398100382
784438945648115712,49817093
784438949213339648,812185596
784438962836410368,23202327
784438967043104769,269371440
784438971220660224,2805986590
784438973590450176,731364756
784438992334884864,58305061
784438997649006592,286840556
784439001151188994,1112486646
784439015948873729,339820844
784439020436779009,713927688147365888
784439029072793600,2440586125
784439041823346688,757870813
784439052560982016,28009377
784439060605444096,3053219203
784439072945115138,465140563
784439082197798912,3409127472
784439089407922176,708054116409462786
784439102359961600,538481859
784439102603161600,1154368070
784439103668367360,3409127472
784439106642116608,2300879294
784439108127100928,264451340
784439110828032000,717627639159128064
784439117337726976,58682522
784439121221603328,71398196
784439122094133248,1650296634
784439132449746944,20279132
784439151269584896,15588165
784439151508779008,33607747
784439160140464128,4893575203
784439161268895745,47783381
784439168671678464,2178922148
784439193200189440,33567309
784439203807371265,2280576308
784439223650689024,48866739
784439229099053056,3409127472
784439229019488257,897554611
784439237156474880,7102782
784439239563816960,79468315
784439248246153216,478460472
784439255854702593,16489581
784439264700432386,2990065493
784439281175695360,701023170
784439285462302720,747107404714807300
784439290759483392,3153217190
784439291082440704,222547785
784439296581304320,16878752
784439301425725440,23692955
784439304718200833,734777532222865408
784439307348037633,260619917
784439307553632256,1668648710
784439313433899009,263707405
784439332601929728,10985382
784439335181389824,200964745
784439345663082497,4871002407
784439352101265408,632992372
784439357977473024,445572564
784439364990308352,1522031005
784439367653818369,3407847574
784439368547205120,759051618625032193
784439376319094784,22300463
784439377397100544,1708943438
784439387853578240,4821423943
784439392089714688,152396241
784439430274777088,720131823
784439432451592193,3207589853
784439440114524160,36294585
784439444988366848,733673281002311682
784439444858281985,24677438
784439448985534465,3166353485
784439454262001664,4720263377
784439495961612288,759425320852131840
784439533915938816,74482020
784439541688102912,2983440962
784439549640470528,57424208
784439558775508992,53818932
784439587263352833,703317145200025600
784439601779716096,95094723
784439606284460032,22300463
784439617185603585,484992266
784439631387385856,4102245137
784439634621177856,21660781
784439646667276288,376744269
784439651415261184,758009417111576577
784439656419061761,714989079021006848
784439671916986368,58627704
784439673774936064,2305853304
784439674697687040,817652
784439680645287936,2221686996
784439686290874368,483182768
784439688652201984,2881224634
784439689776205824,35244263
784439704619978752,767100119049236480
784439705161101313,1320721315
784439738438602752,3317319301
784439742980960256,2973332381
784439744252043264,47153887
784439756428025856,484992266
784439762954313728,100600292
784439764443430917,68801460
784439765596774409,195873246
784439770533376000,773344390123286532
784439771691032576,4347523994
784439806323339265,192932381
784439814456156160,769550695749984256
784439821557043200,987234162
784439828444221440,259111114
784439836170125313,749562792
784439852087463936,437911286
784439867145121793,69493579
784439897553645569,22176444
784439913538215936,2541991
784439923168448513,47153887
784439929476481024,620473916
784439941891629056,66540938
784439942726361088,2411576562
784439972203892736,540628749
784439999592697856,187059363
784440021709299712,575444819
784440025505271808,313530478
784440032446730240,2417844248
784440032065093632,3394876355
784440065539858432,1104147811
784440087572467712,880559532
784440092941180930,737654214831153153
784440093079662594,255573424
784440116672548864,47366709
784440126222893060,243312931
784440143096578048,632992372
784440146850525184,758010931452350465
784440152433319936,742079884034478081
784440154928787457,98314683
784440164852568064,70482818
784440173392048130,3318186731
784440176332320768,758010931452350465
784440175929749504,1661263351
784440176978165760,726534437156999168
784440184796385280,708114059808231424
784440189456310272,2900535809
784440191410900992,3957056895
784440198125985792,25062440
784440216987635712,234578556
784440223799312384,7313362
784440232108253184,733082357041922048
784440243113951232,35060705
784440255025909760,495088339
784440265020891141,731325348
784440268376465409,88689345
784440274021777410,2200424163
784440275707977728,453495329
784440302325014528,123157926
784440303331651584,381555566
784440313809108992,739313405719257088
784440319723134976,2800048336
784440327998476288,66495289
784440332188393472,1428245454
784440350622425088,123157926
784440351654227969,313385516
784440361888415744,16802422
784440381765222400,4442289383
784440385875484672,1279647384
784440396055097344,4833753718
784440410546503680,758080831114084352
784440445950578688,4825511490
784440448353988608,2748582465
784440464904552448,310463044
784440466825617408,2480765648
784440470642450432,274891222
784440481811865600,174873237
784440491404320768,1656048900
784440493195137024,902819372
784440497594970112,2725543512
784440497980964864,308745983
784440499318894592,779741130455867392
784440502544367616,49633388
784440530306498560,725121719539736578
784440537877143552,278076580
784440546777497600,232714367
784440563651055616,860807707
784440565169426432,279375564
784440567061094400,1363620560
784440579782565888,4853590007
784440582647054337,49320629
784440592625311745,2480765648
784440607640948736,741798120640512000
784440626104311808,1976997764
784440629606645763,109960811
784440631275892736,707386365483347969
784440647155650560,88689345
784440656206794752,340500300
784440663123304448,920219844
784440670777933824,61879907
784440671125983232,906595219
784440679934066688,33811812
784440683050459137,764130587506511872
784440689358675969,708661995441152000
784440718987259905,764130587506511872
784440725870088192,751996334
784440738528362496,1976997764
784440757599997956,700782582972157952
784440762062741508,22264801
784440817121452032,12308932
784440817054322688,4019610917
784440827879657472,154483697
784440830484443137,130617778
784440843562201088,28943037
784440844422000642,758076211171987457
784440848276660224,823449859
784440850919067648,1225818590
784440852999380992,78204783
784440870757998593,3473311992
784440875225063426,49505718
784440879117312000,123041474
784440886457356288,31479090
784440893256368128,763127538419834880
784440893956694016,3317319301
784440896188284928,2614703132
784440902638968834,4827226922
784440903729426432,310463044
784440910184583169,242150691
784440910641713152,18509967
784440924612927488,4842547951
784440931235663872,360363919
784440937401425920,753583380441231360
784440949497696257,1918976288
784440950718332929,568521829
784440951548764160,723274233183395840
784440953734066177,47026983
784440956279861248,3275151512
784440964714639360,1589800999
784440966258229248,4266211361
784440989121249285,2865763619
784440991495417857,45413035
784440995504988160,3313514424
784441006976540672,112593696
784441040983826432,27202261
784441042481315840,783792782771101697
784441043211071488,1669470715
784441043617931264,30346292
784441047946436608,781939541275914240
784441049213054976,1428894372
784441058990039040,47421452
784441059686354944,38066131
784441061317816320,562559125
784441071765946369,248349283
784441077780639744,699344605888782341
784441078887817216,31313057
784441093454696448,268788672
784441094826237954,725331518340620288
784441131664678912,467815119
784441138275115008,704060092065423361
784441141500321792,1976997764
784441141957648384,3974604440
784441142200807425,95977994
784441150002180096,303450744
784441151566647296,3327424237
784441172899074048,4026517092
784441175184773121,27202261
784441179756761089,712634960281223168
784441184521334788,1406934018
784441205048221696,107190848
784441216192479233,257051578
784441217341853696,2781738769
784441245305151492,20634939
784441263273549824,1976997764
784441282382876676,49219932
784441287919362049,608455180
784441287554531328,763130254231756802
784441292843462656,3379450024
784441299478974469,3346608405
784441308517691396,246873936
784441308257488896,768614070
784441319435472897,50846751
784441324816785408,2847664299
784441338599206912,80963391
784441360053075969,761218846665703424
784441361823064064,129205778
784441366373801984,380156346
784441376733851648,364339760
784441377375580161,238031267
784441378487070722,305176906
784441386254921728,4182688875
784441386946826240,274891222
784441390050574337,773811507897466880
784441390126301184,751429815568216064
784441392030322689,734476496803377152
784441409566801920,2712877389
784441410380500993,1115501100
784441417594646529,792608634
784441433058979840,2269622923
784441451602071552,358956687
784441452864483328,27202261
784441455381245952,755536085514645504
784441461190242304,415552102
784441461362143232,2213512260
784441473152454656,16489581
784441478940549120,603192171
784441479343124480,308597403
784441479456559104,810886350
784441482845442049,221963057
784441484804255744,1066204172
784441491125043200,20229440
784441496678260736,469355387
784441498981036037,223334398
784441509936443392,225547122
784441515795886080,477036830
784441518492876800,1566557804
784441530182463488,757816179264069632
784441532778635264,464216062
784441538617102336,27202261
784441538939977728,758830577663418372
784441538919170048,760853723052642304
784441543071498244,928916084
784441544673636352,703048723903819776
784441554270171136,708815004787671040
784441557151731713,774643510997770240
784441566953771008,228437789
784441568262516736,22828739
784441570854510593,95588487
784441571345330177,29157656
784441571647164416,2213512260
784441578970415104,1219144500
784441589112377345,864819445
784441602194505728,2236675428
784441609689575424,240697075
784441611711197184,745949406197841920
784441614391541760,1887375954
784441614018150400,49379886
784441616652120065,1456111141
784441620879978496,23164646
784441622532534272,727701926544969728
784441623220330496,2533475623
784441623853883393,718501532203905026
784441627699916800,4266268887
784441630560432128,752197453
784441639905427456,414723612
784441649078366208,714633790749077505
784441659815661568,1920965958
784441663208955905,16943743
784441660520402944,604689730
784441666933436416,147248694
784441672121913344,450983554
784441673531191296,15187044
784441673942204417,17367246
784441674080460801,2660791208
784441682980843520,42125671
784441685271015424,931346941
784441687137411072,587479197
784441696746549248,1587735218
784441705068101634,4340401339
784441721081962500,833504414
784441723761983488,111421228
784441734247755776,140515127
784441742485434368,47046643
784441746935521280,4465911554
784441747023671296,901025125
784441757119328256,450013918
784441761473163265,4012078510
784441767307259904,47421452
784441776715227136,16335368
784441778464169984,47421452
784441779969855488,350336411
784441782553546752,19672893
784441787012173825,168818394
784441793739882496,17969678
784441804884017152,20118243
784441813847400448,569699451
784441819291582465,2303656649
784441828418416640,776464286575108096
784441832977555456,76250519
784441833409634305,369801087
784441833816485888,3950964568
784441859804323840,4780848218
784441871426789376,1692390308
784441897951592452,916149198
784441904561811456,39388073
784441908609314816,25062440
784441921259261952,47064527
784441925772333056,48922832
784441926112141312,16606075
784441931086508032,1471615951
784441932663648256,104248138
784441935125618688,540640674
784441937839304704,20294989
784441938258825216,361133535
784441940192428032,1887375954
784441943724032001,713134184102014976
784441958714540033,748230192833921024
784441967753109504,2432247012
784441975562829825,168944428
784441978197016576,2264079826
784441980612780033,4646677163
784441985084129281,723050042420957184
784441996937076737,528064878
784441998648479744,3518328443
784442007137710080,608705985
784442007309656064,750100340595449856
784442009788354560,3555091
784442014406471681,725330619320930304
784442018365841420,729808344005873664
784442021561901056,1325218238
784442028922802176,374050196
784442031368122368,329929419
784442035579129857,709154206674866178
784442036971794432,832079760
784442038112489472,553079244
784442042956980225,758857339306774528
784442048564854784,2328430440
784442050284519425,738844718042386433
784442062334783488,1507274292
784442062183755777,168531961
784442067539857408,374673180
784442068273856516,851591491
784442068710125569,3974604440
784442078843449345,58869220
784442078923194372,2193188934
784442085688487936,27303284
784442102310592512,487770873
784442118672482304,3691110204
784442121302470656,469692993
784442124888662016,108208264
784442126792818688,2713091375
784442132111224832,763480477781135360
784442141112147968,25340231
784442142475317248,15106947
784442143830056960,626503046
784442144887083009,745681473416605696
784442145197264896,27202261
784442156886876160,2248932158
784442160385036289,3001649164
784442162519810049,768098547770068992
784442168798654464,2610731406
784442177321635840,2845315660
784442180207271936,75939860
784442186595172352,3406475950
784442194245459968,30593271
784442198188183552,31171372
784442199396057089,395079223
784442201048657920,287505023
784442202307039232,723775040735576064
784442215196160000,699344605888782341
784442223278653441,326810317
784442225857921024,240697075
784442227674066944,781747847376941056
784442232854241280,3416558621
784442237371359232,4709866640
784442247848787968,426125491
784442267801182210,192904867
784442268539379713,723775040735576064
784442274675503106,769670724386631680
784442274809782272,1675606380
784442283953356800,2211027127
784442299912753153,1663300928
784442302697701376,3068169255
784442303943352324,290980590
784442304530526208,2942862441
784442311161753600,329880387
784442314945101824,4126703173
784442316421423105,827902934
784442319349178369,438561525
784442329247715328,1104147811
784442332821069824,238712828
784442336893743104,390493517
784442358225969152,851741624
784442372419493888,586853452
784442379012943872,230046246
784442380531269632,1420739510
784442380791328768,1576627519
784442385635868672,17391764
784442415549558784,757107340768260096
784442415197204480,154247110
784442417273602049,3406345414
784442423137009664,4142384593
784442424584265728,703683242986225665
784442425783693312,98848596
784442430632452096,2737532609
784442457484328961,3406345414
784442458629218304,2725543512
784442461556965376,15662654
784442430632452096,2737532609
784442465550004224,823449859
784442467097583616,558692585
784442469119172608,18464444
784442469656035328,199201124
784442474840416256,92759889
784442482604072960,2194897727
784442484080254976,876541285
784442487133712384,4729585394
784442494230618112,18464444
784442495124004864,168531961
784442510810636288,77512753
784442511481827328,766964096126320640
784442516741378048,2610731406
784442516657561600,2735511486
784442519023222784,750652153
784442522009501696,715618009549783040
784442524551163904,40487586
784442536240611329,1915683367
784442537096294401,4510289232
784442554070827008,862626912
784442564803858432,2332573171
784442573318389760,22264801
784442587440492544,785564280
784442587377704960,582140844
784442594751229952,718830069221724160
784442597565530112,3308193378
784442603827826689,3305589424
784442614590349312,129205778
784442625487015936,22528193
784442631942246404,75259840
784442639491923968,119466953
784442653052108800,1099920049
784442659079348224,2461730594
784442659490435077,754498974321614852
784442663550410754,4864716488
784442675692875776,416410256
784442678335254528,22506613
784442680260562944,289654407
784442686094860292,1099920049
784442698732179456,3068605238
784442704876933120,569267022
784442706894258178,764942960651743232
784442720869724161,1637435924
784442735793057792,273217344
784442741254135809,411914399
784442742084472832,707697033746862083
784442746081718276,453269266
784442748325748736,618391933
784442750494277633,857008494
784442750469017600,225423130
784442758501203969,2701640767
784442771163656193,2921986414
784442776704339968,116370038
784442782035349506,713185487331192832
784442786833543168,183911587
784442787525779457,245538544
784442799038959616,39669227
784442802830712832,136345075
784442816160149504,751551474367291393
784442818685235200,102382314
784442836326330368,4291079838
784442836749946881,24214420
784442844945580032,177070701
784442851006480384,46139600
784442851136602112,1887375954
784442853367742464,1402587984
784442859042791425,1350260952
784442859713761280,24677438
784442860913303552,373697915
784442862318526465,1393119763
784442881847078912,598581143
784442888054726656,595250319
784442906245410817,715906763740950528
784442907558162433,125038870
784442922955526144,65586007
784442924549353473,211609024
784442928106090497,499441063
784442927799869440,247805850
784442937241251840,347585545
784442942358482945,4433972369
784442945608949760,19153663
784442946166722561,756820331331919872
784442946670235652,345492829
784442953221758980,268788672
784442973039697921,614558902
784442973496938496,1566816938
784442985572249600,2527521429
784442988508307456,4826677880
784442999686127616,286856309
784443012680130560,40874240
784443018136944641,79567010
784443019797880832,191473450
784443040303869952,469509637
784443042769932288,96015193
784443051615805442,700605640071221248
784443060985982976,19552528
784443061367603200,245943230
784443068904648704,116370038
784443069487808512,486846321
784443070498508800,2720036256
784443072012808192,3309573951
784443092237553664,948336799
784443091885363200,1453418317
784443097048416256,3313514424
784443103763652608,4463229979
784443122994601985,1675606380
784443127578759168,313385516
784443128254197760,2840507843
784443133975228417,29888553
784443142913331200,1400931295
784443151213748225,3289045495
784443156347678720,233015738
784443160084750336,29120721
784443161707962368,42926101
784443163775684608,762309216346345472
784443191466614784,4875129611
784443198043262976,701191479654481923
784443206008123392,54538437
784443210429005824,3380660668
784443212572266497,714887712600432640
784443217735356417,360115360
784443240556756993,189191018
784443244331474944,23217897
784443245233311745,711598740457562112
784443254515175424,3676654755
784443263818338305,1355218452
784443281601990656,274891222
784443286643617792,878719854
784443287092551680,19129247
784443290959515648,347927563
784443309187923968,2369654078
784443313634086913,330642646
784443325461913600,290980590
784443327202594816,729660427
784443334408437760,754393868443979776
784443343967182848,2437216230
784443346945249280,767989286
784443348136308736,219093282
784443359196655616,118935793
784443363311222789,23879838
784443363630129152,28654635
784443367031574528,65538292
784443371649499136,93105601
784443375982223360,756531793826750464
784443389320265728,400294294
784443390150660096,705902091793883136
784443396370919424,3878109028
784443396672909312,67823907
784443411952758784,14141103
784443417875144704,47469828
784443427605929988,605027484
784443443259015168,155856786
784443447251873792,412676046
784443451806846977,24425847
784443461701210112,79281224
784443467850055680,41485004
784443466998743040,39666268
784443469842542593,714633790749077505
784443479166296064,2149221140
784443481385209856,498007394
784443483759243264,377702428
784443483738300416,482748760
784443494119071745,79281224
784443495851421696,2701042920
784443503048691713,2510012744
784443509378088960,37418551
784443523877699584,3026349698
784443531515535360,4261421361
784443538364895232,60432146
784443548590637056,15034738
784443550863851521,430193124
784443552616939520,2959934112
784443560263155712,2315117503
784443567083286530,25062440
784443571713765376,14549122
784443573114638336,746935552088379392
784443574683250688,783072636800634880
784443582526525440,328231381
784443584489463809,815576228
784443596690845696,305176906
784443600146952192,717326385115742208
784443629431508993,206004057
784443646275751936,547732618
784443650029727745,847700484
784443650524741632,2545326607
784443651418054656,324586504
784443651854258176,2187376209
784443673811431424,711305198421946368
784443680727924736,513616337
784443689611370496,1161975174
784443701086957568,228990510
784443708393611265,810145062
784443711211974656,424927514
784443713753931777,3071448081
784443729000095745,595799102
784443735115493376,1563544056
784443738235908097,751481455105101828
784443743340470272,285737462
784443756183293953,2187376209
784443759991754752,168737277
784443762055315456,275720253
784443763942760448,190222885
784443774780870656,97638575
784443778992136192,42926101
784443784331456512,82659417
784443784457170945,847601221
784443803268620288,287505023
784443803193061377,3854145923
784443819999703041,404635552
784443825133465600,622110163
784443832779804697,498294953
784443832880369664,2153521405
784443834180653057,32921077
784443834201669632,146410747
784443839847202816,2575892019
784443852572819456,3294045975
784443853038202880,322074102
784443854426632192,28712012
784443868544512000,2481255624
784443869710737408,719408805457633281
784443872751464450,115867064
784443873456066561,32258011
784443879202316288,3197757102
784443887519567872,3934751896
784443894519963648,3422158725
784443896625377280,24985198
784443898114428928,28026145
784443902812184576,224499813
784443911053856768,4282865114
784443912454705153,448265957
784443917869527040,886026313
784443920310792192,3912296661
784443921325785088,725347725835902976
784443923448094720,39121016
784443926774157312,1284066660
784443935603109888,2407493634
784443940506185728,711305198421946368
784443943404445696,739264134596808704
784443944939626496,751525206359805952
784443950421737472,776980724750561281
784443956662640640,780611680115884032
784443956176257024,516447380
784443967203078149,764130587506511872
784443967882555393,255576146
784443977776848896,822431107
784443984043139072,950472888
784443987373555713,1478178054
784443989902499840,29861835
784443993262129152,780611680115884032
784443993421668356,3361161689
784443995116204036,46681906
784443995946569728,571418692
784444004867772417,2966188357
784444009221529600,21149162
784444009758400512,1638742382
784444023826243584,430344855
784444033535909889,2818744760
784444046684979201,765707237239119872
784444053601394688,2280576308
784444054775828480,2252260969
784444079832637442,298343275
784444083959762944,15712057
784444092927336448,1623488485
784444101336846336,479432082
784444109272387584,3007258639
784444117124194304,1587630571
784444122904027136,718071051251552257
784444133020692480,4041511396
784444136246145024,737264996468576256
784444139110825985,42004833
784444151999918081,27508594
784444163081195521,714943919717396480
784444163555295232,236670373
784444174154207233,4899519554
784444177882816512,342706292
784444185655074816,705450758490218496
784444186422423552,404564388
784444189429731328,2227694966
784444189698236416,710286335853137920
784444190247772160,202417547
784444196430065664,924391309
784444198627909632,3291910059
784444202012831744,49429924
784444202973143040,1638742382
784444208119676932,4871674146
784444209541419010,142890405
784444212511072257,356364908
784444213656227840,771030723348267008
784444218554978304,84132715
784444221084360704,776400782656544768
784444228612952064,235676194
784444255494438912,316161690
784444264985919488,783639183168458752
784444266412138496,705510421265043456
784444270862151681,713119651853512704
784444279276068864,793975748
784444281889099777,863464345
784444286536384512,4703256050
784444306312531968,3885160459
784444308615069696,1484196318
784444309563146240,710829156624420864
784444312088031233,35514386
784444314755575812,930504914
784444323345551360,426903572
784444332107440129,19955376
784444333667659776,18595109
784444340428951552,589740552
784444341964066816,752554272433188864
784444342366720001,739264134596808704
784444343394369537,2962651031
784444346745651204,36538396
784444353062240256,757658872253444096
784444353242603525,3192506298
784444354484207616,27326364
784444363841507328,987234162
784444370292502529,3648811994
784444374939729923,28974585
784444404195090432,3074740384
784444411807621120,560197076
784444418770268160,2480686667
784444420783349761,828042834
784444421551034368,189159732
784444422394044416,778974367753449473
784444430438830080,3287659878
784444430027788288,752159830605983744
784444435413159936,11603022
784444436713508866,24989950
784444442912645120,2881911155
784444443520708608,154981406
784444464194473984,1972076252
784444470980808704,473651382
784444471261802496,709069031173525504
784444475841982464,237828115
784444476395778048,705533630219735042
784444485711167492,426118191
784444489070878720,55988973
784444497962930176,208076604
784444503415455744,3901363755
784444510445207552,1713036884
784444518385025024,705124722879696896
784444521450844160,258072099
784444522394742785,3186677225
784444522755452928,775420500034158592
784444529986240512,1071490063
784444529961234433,202417547
784444534142832640,166999015
784444537473159168,1463150749
784444542862893056,898868347
784444544242900992,2485511612
784444551536803840,1566816938
784444553206099968,16277827
784444557429571584,26520158
784444567588175872,52141764
784444574680907776,510887078
784444578787106816,2832423616
784444579248541696,2751796116
784444580506705921,860576268
784444583807684608,1951595382
784444585640546304,2247667190
784444587163222016,3041814392
784444589998350337,94877431
784444596239659009,35715440
784444599079100417,724742529267064833
784444601268473856,47354540
784444604107984896,519974177
784444617458651136,362269876
784444621048774656,2851469671
784444625217921024,15249218
784444627252305920,155810770
784444629861097472,2386502131
784444631425495040,3707246052
784444631656308737,2907551575
784444632323063808,2495637565
784444639600312320,764827309736099840
784444646277521408,94877431
784444651516289024,3298049407
784444654066495488,20524332
784444655026831360,599896831
784444665613328384,138989557
784444672429129728,769652343382151168
784444674081689600,1948577942
784444679978881026,1623946224
784444682789093376,39098038
784444684697473025,709532601032286209
784444689764216832,18808991
784444700581367808,2527153844
784444704020631552,167808426
784444706402938880,781058453435449344
784444711331299328,14320744
784444730268680192,3166728471
784444730465714176,3410475429
784444731875028993,732139172
784444732214763520,285197838
784444739009458176,426118191
784444743761666048,16441325
784444752041156608,3060388144
784444756092825600,353298878
784444774245867521,2376426392
784444784576307200,28960313
784444784437891072,1675606380
784444789597081600,285523467
784444797054427141,758701426365243392
784444817040302081,749097009835978754
784444818600624128,2514475647
784444819477102592,82616432
784444824615170048,773564607524929536
784444827874263040,32531047
784444838695403521,2923127898
784444854176808960,3382396089
784444856789630977,103079289
784444869641207808,771905627220275200
784444872224669696,948336799
784444875487973376,282695161
784444876075180032,3406345414
784444877891186688,635275400
784444883176161280,171145213
784444898799857664,245945573
784444901786169344,729950129923489792
784444906723049472,430344855
784444910191517696,708789388969259008
784444921721815040,240555684
784444924192133120,111997128
784444933025312768,2162529847
784444933969096704,85520692
784444947021824000,24830648
784444950381342720,779526027957731328
784444963891322880,282813843
784444977698918400,2331387967
784444983851962370,711305198421946368
784444985491853313,748964694388453377
784445004806664192,814405260
784445009605058560,411968161
784445015674290180,432859597
784445018270527488,705794670454898691
784445038235312128,43993601
784445038998659072,948336799
784445038197673985,27566537
784445040382783488,231535065
784445063510290433,4898373774
784445064869208064,365002507
784445071336804352,2672693279
784445073404534784,56332606
784445078706061312,2749640440
784445080484667392,720045069
784445081281527809,99015340
784445087010783232,1934235469
784445089200345091,759051618625032193
784445094569140225,784193365776732160
784445098675179520,2247667190
784445117109309440,3347181269
784445119638282244,2205067058
784445128794603520,2205067058
784445134964269057,73418626
784445140710535169,605963171
784445142115635200,43218524
784445143071940608,2903985766
784445147958226944,14303901
784445147958300672,42158226
784445150575546369,489716862
784445154274844672,75922468
784445176928317440,715026491994685441
784445181021999104,47987933
784445189557321728,4840654073
784445213729251328,110522847
784445224860786688,2396535732
784445226404503552,1926819872
784445229352955904,170019894
784445228832985088,769308556357144578
784445230015717377,495088339
784445232888688640,14303901
784445240711053312,702174406739685377
784445241382141953,36442614
784445245106913280,100807762
784445255659712512,710829156624420864
784445256540487680,17152635
784445276517826560,3915941300
784445279848189952,2334882143
784445280196460545,198516386
784445281504931841,2510012744
784445282431930368,74468291
784445290216460289,579290833
784445290606538752,47987933
784445309464244224,469799575
784445317374705664,363536119
784445319874568192,2497330888
784445333585666049,2507917171
784445335779151872,34806981
784445337402544128,3397223379
784445338845376512,1025254165
784445342049640448,596011347
784445344885026816,733390948843950080
784445346726502400,708054116409462786
784445356515921924,65068441
784445359569469440,998537947
784445366519357440,983952144
784445369245659136,635858960
784445377025937408,63200513
784445381161709568,20448381
784445382134788096,814253258
784445384860901376,878719854
784445388153581569,1514955175
784445388770058240,1542068364
784445400694591489,62611505
784445410354032640,756122337926385665
784445417723265024,2162529847
784445423612227585,65068441
784445429173805056,779314886
784445440670502913,3072832073
784445441526161408,191168181
784445449516310529,2701042920
784445450459885568,706227461130833921
784445465441865728,704967105402114048
784445466859573248,587435984
784445467484651521,43730427
784445473700667392,42656372
784445480025464832,24667237
784445484844711936,531192647
784445486673428480,230235743
784445495812825088,1581370232
784445514951462913,62698414
784445540838756352,2211578611
784445540868116480,47987933
784445557125197824,700502069233393664
784445564096245760,793975748
784445574430990336,486882714
784445575638818816,163611316
784445578117681158,4853820677
784445579594174464,554659276
784445589245210630,737663992982691840
784445604130791424,57211570
784445613719052288,4699390170
784445620052295681,2184788698
784445624699662337,3310736730
784445631272214529,764827309736099840
784445643788062720,417765463
784445650108682240,4501498394
784445656622592000,45574526
784445665539715076,4352218515
784445666286182400,719691105026056192
784445670048407552,2614807268
784445674813267973,764827309736099840
784445679259168768,1170835550
784445686360276992,87539006
784445685462659072,12763982
784445686850785280,21901715
784445691695357952,250409181
784445691917635584,2996391235
784445710993281024,560197076
784445711123419136,103711170
784445714344443904,264263416
784445723970457600,3733874901
784445742261809154,3289045495
784445757080297472,863628498
784445761656270848,2211578611
784445767268302848,23394247
784445772242755584,2161304592
784445780832780297,171145213
784445786063003648,136317730
784445795277889538,3122541676
784445811576934400,543640679
784445820942770177,269623356
784445832045039617,708060230404280320
784445832653332480,3008155613
784445843688480769,17448269
784445851158601728,19405138
784445854224486400,740272397371068417
784445860943892480,782716704719798272
784445862520950784,3001193439
784445869861003264,3461039896
784445870834147332,17975284
784445877742084096,53313796
784445883379175424,777998340017369088
784445889200918528,735860429939970048
784445899678318593,132141796
784445906452119552,976805384
784445907597230081,415309457
784445916933652481,149207389
784445917869006848,367588981
784445919785807872,1941843854
784445923699093504,72462603
784445945152798722,54597913
784445945308143616,2178310401
784445948806074369,3305150967
784445948986392576,755176472353001472
784445949951090689,757251896918745092
784445954304909312,248349283
784445958838976512,635195109
784445964178354176,233042708
784445967156318208,764572902125608960
784445974475333633,615473222
784445998395432960,4233982072
784446005936730113,248841973
784446006867988480,705936590204510208
784446007941722112,769810679016464384
784446009539604480,1149353412
784446017710292993,25948917
784446026132312064,16481395
784446037222100993,462542883
784446042280488960,3843640245
784446051126304768,714956122411503617
784446053995208704,1495231
784446062442328064,767203920225701888
784446075557908480,179688121
784446078670213120,3903251179
784446084923977728,53313796
784446101214662656,2718798586
784446117354180608,14677769
784446122521526273,709588340840865793
784446129094045696,715363955464491008
784446146106232833,99202150
784446148824080384,1566816938
784446153643266049,3229434722
784446162883473408,1119299306
784446169434902528,2894256669
784446175466426369,32252059
784446190305804288,3033441051
784446193959104512,319337461
784446198270787584,3640734136
784446199583485952,2162529847
784446211206082560,17723942
784446211680038912,766977639307366400
784446219015696384,3885497892
784446234425630720,483330559
784446235730214912,1934631691
784446238204825600,413084647
784446249927790592,2315679386
784446249839788032,2362592550
784446270362517505,2975242518
784446269846593536,567841401
784446275806695424,54221149
784446289358585856,2284131
784446295192834048,206932284
784446297000378369,751368938
784446298644590592,534606191
784446305150042117,1924767546
784446309445033984,294276293
784446311244312576,751067804556746752
784446325714743296,3429309772
784446336951324672,316764728
784446342944976896,1455506612
784446351924826112,43182407
784446353220964356,781273979055210496
784446356635004929,2162529847
784446363681501186,725166584730361858
784446370904150017,27906010
784446385869299713,2897978569
784446391779221504,2422702611
784446413421830144,17716267
784446417590951936,766318102577577985
784446424410828800,779563097237303296
784446435819458565,17365683
784446439522959360,25893575
784446439481077760,478598095
784446454546833408,23228167
784446457764085760,15260195
784446468744744960,705607680145149952
784446474847293440,488578718
784446477829570564,3394009445
784446485916033025,770125549385711617
784446485693726720,99794792
784446486398369792,17686959
784446494245986305,703036137779036160
784446495588249600,2852973303
784446495860920320,774547149161922560
784446497425285120,2207436451
784446517323051008,93980925
784446533227933696,632431820
784446537652965380,740348347396042753
784446539892686848,3778728555
784446551640858626,2850885256
784446584398368768,3106208237
784446600647053313,1030816910
784446602987577344,3843640245
784446619324473345,2546554567
784446630074265600,386331159
784446633870299137,22768264
784446634558128128,401657173
784446637837918208,74471792
784446647967346688,23886028
784446649447751680,53249230
784446649963642880,4520484798
784446654673854464,138409823
784446656452370432,151197838
784446663293145088,605963171
784446669391814657,266193138
784446669060444160,705607680145149952
784446672856227840,735715003328651264
784446681601478657,1613124576
784446680812949508,286699255
784446687330770944,73678167
784446688786276352,471025372
784446689524477952,1972822500
784446691969642496,736307411451973633
784446691839737856,781877080086765573
784446699003600897,308222785
784446700270211072,234578556
784446704468623362,70320954
784446705680998400,482748760
784446707417354240,482748760
784446707358691328,1273081254
784446714782490625,740928906
784446725150740480,25920303
784446733233315842,33512441
784446750090203136,41280377
784446751516131328,475030642
784446752615112704,1164005534
784446755848982528,3906540143
784446756385947648,245836288
784446758629830657,517295675
784446763633696768,777302835578990592
784446783808217088,1839504895
784446787943751681,715568563113713664
784446788249858048,2348895414
784446788740579328,22268977
784446791861272577,3105769611
784446793593524224,1839504895
784446804880420864,199216714
784446810840367104,867070008
784446825809997825,83418393
784446829333213184,69225972
784446852515135488,703700133742034946
784446861876736001,1458752966
784446879165616128,576801455
784446881745121280,402288741
784446884513452033,615360297
784446890402340864,716426494751477762
784446890742018049,354544316
784446895343099904,179922417
784446895301144580,621966679
784446902930505729,2807029784
784446906864799744,4824122668
784446934752854016,3406414649
784446937487462401,4833753718
784446937500180480,3135660532
784446939433623552,156306739
784446951060344832,426153895
784446961785139200,756128216243314688
784446977836670976,545463914
784446978352635904,87957969
784446980231602176,23830016
784446986007089153,3420540252
784446992252448768,25948048
784446992990765056,751085527806447616
784447001995771904,1074414578
784447003757543425,1082171360
784447007272361984,36538396
784447007570132992,288757702
784447012091539456,590312609
784447015421931520,119577801
784447016185262080,4890221482
784447017040826368,2340698592
784447023453962240,189312740
784447025710530560,3414559738
784447047290150912,23662087
784447049781514240,775885665015697408
784447057167650816,501529997
784447057880899584,170200275
784447059915046912,217592863
784447063899516928,4219421657
784447068127363073,47685711
784447091615657984,3247206079
784447093331025920,921460356
784447100566114305,1605046776
784447111098093568,56713264
784447114306813953,617437197
784447128403841024,255240421
784447133604835328,25380005
784447143176122369,3250946606
784447143155228672,4697250193
784447150893563904,231535065
784447156006551553,4237958309
784447174994046976,3227007222
784447189829443584,235698522
784447190789873668,294800406
784447201246183425,199784543
784447204618567681,3092579854
784447222645534721,27979585
784447222805098496,749562792
784447233097805827,31743108
784447233802510336,742688880906895360
784447242178555905,2743016176
784447246704054273,741686360612995072
784447251376504834,767811970183553025
784447256552505345,780829149950726144
784447262374047744,120590176
784447266488713216,702895208497856512
784447266488782850,18891078
784447267063357441,217592863
784447267545747456,4703006612
784447279201595392,16257715
784447281315602433,151073293
784447293495750656,26102775
784447295362248704,3428289335
784447306716188673,246339500
784447309950181376,205877676
784447320901451776,45637919
784447323707498496,776406872848859136
784447344586559488,769981852211879938
784447352975175680,988017211
784447356121059328,452921304
784447357593223168,2920659436
784447364056518656,372022249
784447366581460993,730400574953267201
784447371400867840,1839504895
784447375389650944,403484634
784447390291865601,71726611
784447403915087873,709532601032286209
784447406389727232,466098316
784447412056170496,611350965
784447412488339459,2373458045
784447414333767683,2431107054
784447415545958401,63126952
784447425754828800,1495231
784447428371947520,704967105402114048
784447435229712384,379954624
784447442813083648,2939665617
784447454020268032,17113333
784447469283266560,1625955996
784447469543362561,319275055
784447473406320641,2431107054
784447476141027328,3135660532
784447478653394944,755044931778019328
784447481559953408,49251379
784447489298489344,705595132666466304
784447491785633792,3302611902
784447494025510912,33066777
784447505257771008,49172121
784447510752350208,14303901
784447518365081600,1839504895
784447518285389824,2279480486
784447525822476288,613796565
784447534693507072,4789255126
784447535708385280,635597910
784447545992843264,4475809775
784447547901370368,2156030034
784447554758946816,2818744760
784447557300727808,2387053584
784447559683207168,590651831
784447566607974401,735933453070258176
784447572446294016,26476655
784447574811955200,560197076
784447575269183488,769810679016464384
784447579257909248,109638714
784447596874137629,569665723
784447598052737024,4026474921
784447612631982085,700512482318635009
784447624363413504,3039880830
784447634249437184,15517295
784447642894041088,709532601032286209
784447645481857024,782791275183472640
784447645754400768,26369152
784447660359049216,157099071
784447671213842437,408620360
784447679396995072,500377245
784447682882498560,58006535
784447685289873408,787467362
784447707955859456,483330559
784447714209652736,4734764059
784447719196663808,50031295
784447722317312000,470028335
784447723407831041,403484634
784447726163341312,385041928
784447731783852032,381731159
784447732341624832,79281224
784447731993575424,783447963762851840
784447762301542401,475030642
784447783591940097,2749225968
784447785504481280,782921179254419456
784447786947317760,3000249018
784447787106721792,713432968224763904
784447787853225984,707253890299744256
784447822263443457,352704896
784447824188538880,717775665928531968
784447834598715396,1605046776
784447844002500609,2350842762
784447847055884289,1668216228
784447848905486338,29560265
784447851749257217,3071765029
784447850830766080,1495231
784447861127798784,210919633
784447869201756160,764511920506429440
784447879469535232,714575249128423424
784447889665732608,729950129923489792
784447893079851008,1545752947
784447903565766660,43140600
784447915599159297,190251322
784447927255175168,168479728
784447934427529216,741515476052922368
784447937405292544,100888434
784447938348978177,494366371
784447941683458048,469355387
784447943763865600,730810811740868608
784447958192316416,759845601882157056
784447974029963264,28372397
784447983656001536,4770323116
784447992757563392,3003999514
784447997350322176,892945159
784448006200238080,3018852126
784448009127899136,1602173694
784448012563079169,926383879
784448017147367424,921280885
784448017550180353,218479755
784448020490260480,505474000
784448029046689792,3071765029
784448031601098752,782585769022124032
784448040463638528,705450758490218496
784448046088134656,3333282858
784448046234898432,720810459939651584
784448054757691392,25542224
784448069110685696,4832755638
784448070255726592,74439453
784448085292449792,1345035674
784448085221081088,20673878
784448095551709184,157099071
784448098940645376,758633230648086528
784448102988066816,1365133898
784448111200526336,248781239
784448111980621824,965041794
784448124165042176,2603982805
784448136005713923,1666567008
784448136882237440,1692555559
784448143383339008,554731789
784448143861641217,1279330543
784448152585670656,188601837
784448179496378369,4837296887
784448189885583360,750883284
784448190661603329,26369152
784448206851538944,777094706
784448208651030528,897619242
784448216058114048,504717565
784448218016866304,278601154
784448226967613440,246103
784448232923561986,3033441051
784448237491019776,98564419
784448254524162048,14133632
784448258638684162,23719539
784448262971371520,595993940
784448266813394944,735604175766069248
784448279794814976,1022293861
784448288430891008,724050768106500096
784448296886607872,3236864952
784448297486344192,2603982805
784448297431928833,2886643373
784448316398383104,219182056
784448326691348480,901246141
784448330680111105,627905575
784448335289520128,23217897
784448343959220224,25036133
784448352339451904,98837460
784448354264547328,324586504
784448363114758144,97710257
784448379258413056,732573741075431425
784448380571451392,3107842713
784448390151057409,838294956
784448397667368960,27955128
784448398875242496,744320436
784448399856861184,745333727962742784
784448415736352768,796523629
784448437622374400,3808653920
784448445352259585,3348375095
784448450179899392,55227529
784448450796453888,1653887586
784448459273187328,80414409
784448456039497729,729698192
784448464851656704,1188639319
784448478965477377,18957055
784448479053524993,855433770
784448482413129728,4283417893
784448487383445504,716077381622960128
784448489950371841,21689988
784448491661631488,4731468144
784448504877809664,458514257
784448508497502208,4875977234
784448513325297664,28009510
784448523899068416,3314529347
784448525945843712,595233708
784448527011291136,3300720066
784448527669850112,437169409
784448530370879489,2210782496
784448531792662528,46936412
784448533604732928,734830561060098049
784448537430024193,725057007967936514
784448537987682304,46486816
784448549589254144,14620090
784448550679764992,1903513172
784448558896386049,1106753328
784448559936598016,1253289434
784448560364486656,725331518340620288
784448560540610560,236999275
784448565804404736,724878049
784448573828104192,704461995643375617
784448574834827264,2256198357
784448575933644801,219588456
784448577548460032,366011490
784448580325179392,3021101578
784448599492931584,31125980
784448612021506053,3076092337
784448618220679169,4589247915
784448623165726720,19556943
784448626491793408,18810217
784448632489730049,2773863188
784448637367676932,261066910
784448656548257793,88427831
784448663062011906,14400534
784448663691067393,335347855
784448669273563138,1408614284
784448671081439232,3079787603
784448674743017472,228073841
784448706045210626,2338223990
784448698050904064,116229827
784448718049280000,928916084
784448734654521344,253637278
784448743814918145,2729575889
784448751062646784,3072185499
784448772688314368,3651026791
784448781299298304,781939541275914240
784448798860816385,767839356128141313
784448802275094529,2200017093
784448801272688640,28118518
784448782297657348,2189730625
784448806947549184,15100622
784448811867344896,2793367408
784448822072057857,15615003
784448826832629769,19328481
784448827772182529,704967105402114048
784448828430770176,752898065351204865
784448836311748608,755954300107366401
784448839386365952,779516085259341824
784448864107438080,431126992
784448866804457473,111631931
784448829504495616,758492577482043392
784448875578920960,1903513172
784448875172167680,98399498
784448878904868864,1205138478
784448891546632192,65445863
784448894247718916,1083112993
784448900375556096,3092233693
784448905442422784,23350577
784448908688699392,45762728
784448911352139776,769688139577384960
784448918578921473,17566400
784448921762275328,212930209
784448930197168128,3949845803
784448935288897536,922159849
784448934882205697,2496361238
784448936727703552,1275898807
784448942507384832,3353393654
784448948010221568,1933511136
784448956008759296,25370328
784448965911588864,711361626339840004
784448979320737792,77281876
784448993723940865,3937790773
784448998476087296,3875579653
784448999331864576,264935205
784449012065796096,3070744241
784449033246998528,741012897720115200
784449041190957056,55107736
784449055367782400,14412533
784449064175820800,781150322752454656
784449065492815872,273829582
784449069854916608,168479728
784449070714597376,1456257649
784449073147318272,44632333
784449076615970816,927073537
784449098430631936,763585552385925120
784449099227508736,142770500
784449108639518720,763877264043810816
784449112297136128,1903513172
784449112980746241,1643125261
784449113567924225,193605885
784449134841376770,734966543717519360
784449132060696576,2198433882
784449137110503424,921460356
784449148762279936,4512683052
784449155204681728,16598363
784449160267309057,772153145313067008
784449162129448960,14303901
784449165350797312,3949845803
784449166139207680,921460356
784449167066226689,41005121
784449169331073025,19182456
784449169050202112,768821140441751552
784449196300591104,328788232
784449198800277504,45284956
784449199718928384,27459736
784449202126336001,28488665
784449209520971776,777941466958008320
784449214755594241,1903513172
784449223676796928,1596757705
784449228005253120,4421492243
784449230182252544,168534287
784449237878730752,754469175498715141
784449240470872064,148122416
784449242379067397,780841661253378048
784449243301896192,91386654
784449245977931776,433948886
784449252969811970,771496294627971072
784449263598116869,758010931452350465
784449278735478784,23350577
784449279507202048,1065041960
784449283109949440,3434877514
784449284464779264,758499190129307648
784449287300190208,773837899053826048
784449291444072448,20758113
784449298641543168,59865242
784449301359525888,1539580423
784449304538730496,51591128
784449307252490240,301501401
784449315523534848,36631245
784449321475436544,2183577439
784449310180118528,1903513172
784449345055756289,890302164
784449344967741440,327764332
784449371244933120,3257389375
784449384507330560,737662800
784449385006444544,780814748
784449387405594624,733866462796877824
784449386948464640,782699606
784449387657179136,805752656
784449389972578305,603000112
784449392728088576,621948074
784449397740359680,27549143
784449399854239744,799150309
784449399753543680,611654080
784449400181448704,2972333908
784449408641359876,624531763
784449410738585600,20714080
784449415973072897,4253969481
784449419504648192,2200870155
784449420490256384,23511468
784449423929507840,3270951991
784449426681135104,905781037
784449444540518401,3023478977
784449451515531264,740579098783850496
784449465168064522,49319546
784449465528844292,417540654
784449477662736384,50230304
784449478862307329,18318328
784449479487303680,237862156
784449481177575425,33422288
784449483119538177,3343917184
784449495568412676,68077115
784449496293974017,2431107054
784449528317358080,3348375095
784449527310757888,318044919
784449530766950400,242816764
784449533837250560,3766084042
784449534785093636,1903513172
784449539092512770,318044919
784449539243700228,550987205
784449541349126145,730400574953267201
784449541177217024,152589746
784449546470457344,3072832073
784449556448681985,2924864563
784449557333704704,19951176
784449564321382400,2316088619
784449573767016448,256569885
784449575947866112,23066323
784449582373621760,886193449
784449597943013380,300450188
784449606058778624,752554272433188864
784449607254220800,1645978634
784449608659329024,20819691
784449623632977920,575444819
784449625986048001,2918607348
784449626174660608,766432781035536384
784449628502691840,550987205
784449635351797760,709588340840865793
784449643853836288,285761256
784449647553212416,316161690
784449654754803712,63218422
784449659808862209,70587127
784449669057355776,895624382
784449676879638528,704967105402114048
784449679836770305,2375148415
784449684475482112,748350314894417920
784449696081281024,947658558
784449697171644417,787467362
784449703530278916,361413906
784449703349985280,589206241
784449704616534016,144178085
784449704566198272,237862156
784449704859996160,201694533
784449705082257410,705607680145149952
784449709997953029,3507746300
784449719300857856,277200431
784449724548079616,734062356339302400
784449731330179072,523935497
784449736673595392,1324981638
784449737013334016,529151971
784449751358078976,1439411496
784449752356249602,492700305
784449761462063104,705607680145149952
784449761407594496,203901265
784449769246556161,319939901
784449773436665856,27549143
784449773671591937,773789650230120448
784449773839458304,610139455
784449775173185536,630057999
784449780957097984,4859607708
784449781242310656,287505023
784449784669151236,97511601
784449791975567361,505283706
784449795507249152,4600705881
784449810447212544,2796349244
784449812150095872,3291556676
784449820324880384,2197177194
784449840587481088,705595132666466304
784449843850653697,735893687675150337
784449847587905537,1903513172
784449853237579776,505283706
784449859566743552,3308167423
784449865292087297,1524857611
784449883281432576,286371338
784449894966697984,3017968412
784449910221344768,16468234
784449914914770944,37261787
784449918979014656,516447380
784449920132448256,24769507
784449930350002176,449495147
784449935303258112,92811584
784449940017844224,3374126201
784449940714090497,64197283
784449946120491009,418214257
784449946887987200,2279709169
784449950042116096,280692527
784449950193033216,1173962179
784449958728523776,707253890299744256
784449959047274497,881123935
784449965137485824,336202987
784449971953233920,2683540813
784449977372188672,144206754
784449994010992640,594186569
784450001246167040,4120520080
784450003980791808,505283706
784450010460991488,15497298
784450013535625216,401657173
784450015582445570,103041830
784450015536279552,15170545
784450016622448640,248075173
784450024969089024,287505023
784450036767817728,705607680145149952
784450042610331649,1400943320
784450045537951744,758010931452350465
784450047811346432,18102864
784450057181368320,594186569
784450058452365312,1903513172
784450075640471552,3252868549
784450091167866881,548040349
784450093239808000,3105723744
784450099715768320,594186569
784450103842975744,24608067
784450104094814208,861794238
784450103914352640,80693776
784450112898666496,31146128
784450121828151296,529097673
784450127553441792,125038870
784450127234826241,885871045
784450127008296960,22250215
784450129793122304,505283706
784450129805869056,523935497
784450132624408576,775168554459070468
784450140459274240,4903340881
784450145647677440,784418872342392832
784450152463335424,477701034
784450171253817344,395961182
784450171077816321,711895741757845504
784450181169381378,3192506298
784450185216741376,4695837728
784450197707366400,707843109309124608
784450197871034368,711258630574596096
784450209505878016,527222829
784450213884760064,2768269526
784450221774430208,3021101578
784450228715974657,755470697091129344
784450232834719744,19420261
784450235389005824,25553732
784450242095685633,292423413
784450242557140992,1903513172
784450244993875968,48564648
784450243760881664,211620426
784450247338651648,783312094343077888
784450252573061120,731256759117996032
784450269505466368,17043543
784450298962063360,35401934
784450306373550080,705607680145149952
784450316360118272,764766513677107200
784450316192325632,127296243
784450316229980160,4813881008
784450328536244224,3305379480
784450335326756865,1573369310
784450335989465088,582852344
784450341148516352,735106615104393221
784450350782803968,733627572874039298
784450351877525508,2233811049
784450352649084928,4774416492
784450364653367297,21487022
784450381136789504,732391594435862528
784450382424580096,2233811049
784450391471747072,1630822603
784450393157672960,4856285775
784450396400017408,387956543
784450410098651136,758095758503645185
784450412040577025,235698522
784450414255087616,343891815
784450428834553856,550481330
784450429643927552,753727262634246145
784450430050893824,705607680145149952
784450437831356416,1903513172
784450439135711232,108159133
784450447872372736,242954148
784450451823525888,579490276
784450465878667264,16914855
784450469049479168,4292539453
784450470341259269,928950889
784450473071824896,3116036466
784450484144775168,25023988
784450486778724353,24716381
784450488741879812,743600698416332800
784450500662026240,34921346
784450512104161280,776412309883281408
784450512167010304,782791275183472640
784450514897469440,216857308
784450514935218176,2496361238
784450515396591616,3236864952
784450519226089472,743923398
784450526167437312,752554272433188864
784450534442831872,4669230139
784450539673255936,464669716
784450548439261184,3745912636
784450551530528768,1903513172
784450553493331968,368879658
784450556857319424,701961746
784450562184077316,38426001
784450579393314817,49764393
784450581045719040,3427631894
784450588910034944,2975187827
784450604185845760,764572902125608960
784450610259034112,4370524698
784450610691207168,3428785091
784450613471907840,4371599354
784450613648232451,772919342849789952
784450616122826753,35606154
784450616550682625,3176970966
784450619100819456,526282981
784450621952909312,2259012509
784450621189525504,763256430455562240
784450631448858624,732396681728249856
784450641062203393,1080941352
784450656459452421,298154727
784450666475429888,25387393
784450676072017922,54710888
784450676403343361,4237958309
784450679674839041,704967105402114048
784450682166341632,1903513172
784450686679289856,758415295551795201
784450691024588800,704967105402114048
784450692207505409,300540698
784450705603989504,743869197273292800
784450706229035008,2795245697
784450707122454528,456124249
784450711216160769,166216613
784450714504339456,2796349244
784450715582279680,64815770
784450718300200960,757598133882916864
784450717822124033,22075159
784450723069108224,11332012
784450724662878211,3529000632
784450731617103872,755954300107366401
784450744011325441,105559609
784450750017437696,193771202
784450751305125890,781768198483869698
784450751472996352,625678746
784450757651144709,711176937
784450760104939520,80331894
784450763040788481,739064956453150721
784450763317653504,10621762
784450763636543488,366435041
784450766115213313,551372332
784450770980655105,780488166574792704
784450771311927296,4927770340
784450778501033984,704967105402114048
784450778865872896,779728567773061120
784450779973160960,4725227294
784450794758123520,759178228279803904
784450797249531905,701980124443357184
784450798356881408,724433017440067584
784450798189211648,212088592
784450798881243136,724050768106500096
784450800995168256,708722250279731205
784450821392101376,54710888
784450823640195073,1903513172
784450826047664128,2300386296
784450830955077636,168221948
784450831705739264,93251080
784450859291799552,26804059
784450871623032832,772919342849789952
784450881982828544,3499636752
784450890170241024,774259972830064640
784450891659243520,764601975505911808
784450902845431808,212088592
784450905374650368,733755254970294272
784450909132627968,2181188602
784450909350694912,1302100170
784450912202829824,388017681
784450912613965824,1903513172
784450921216507904,22961333
784450947166703617,4210759163
784450950136115200,3271108304
784450963511717889,759101535783497728
784450964321251328,759041764225200128
784450986094002176,780878756802158593
784450992742031365,127296243
784450996223213570,4883801255
784451000652427264,174574871
784451008936022016,22727234
784451015693172736,351087735
784451016175464448,773896926215413760
784451019103174656,706201099968061440
784451024144793600,361249270
784451024455106560,2183274841
784451032323678208,48012011
784451037256187904,2158994620
784451042813640704,772210115235700737
784451048765173760,3312516276
784451048341659652,4839710675
784451051692945409,270174762
784451052816957442,965298974
784451057221009408,1903513172
784451058286284800,16368708
784451062937812992,778249376
784451066448478209,782716704719798272
784451089512947712,18114982
784451088737001472,634734888
784451091270365184,745351067311968257
784451095988887553,25469414
784451099977781248,4839710675
784451102255280128,58510019
784451102330785792,338527731
784451108899004417,757735890278055936
784451113802145792,4874129992
784451117396602880,1160775618
784451133716717570,707253890299744256
784451148002516992,1787311
784451154570645504,96094196
784451171083771904,1903513172
784451174376308736,2595750758
784451179203878913,15497298
784451184589434881,4840244240
784451200427003904,321467768
784451205024014336,1345682257
784451209746714625,22926853
784451215585185792,751930155841445888
784451219834011648,294358391
784451224800268288,2208817489
784451228528939008,2205198069
784451229665595392,3072832073
784451237022470144,51658756
784451236997267458,777255642805444609
784451238108786688,604034784
784451249043152896,21726999
784451249382928387,23539523
784451263505104896,763003033793933312
784451264205590530,3400078523
784451265879216128,2830631489
784451266911109121,2795245697
784451267963785216,29394725
784451282299920384,1903513172
784451287160991744,28208251
784451292584292352,781224578890604544
784451293456703488,423820604
784451296556265472,46028824
784451307121836032,2877293361
784451308451303424,3252868549
784451316152238080,4266211361
784451316408000512,450171502
784451332249751552,1345682257
784451334242172928,760098153307701250
784451350633385984,18336239
784451353779122176,732684958964277249
784451361899286528,195111389
784451361807052800,16043205
784451364378275841,757605981308260352
784451370283855872,2731134614
784451374574600193,1078094414
784451384326311936,245951428
784451386280906752,772153145313067008
784451386121609216,1903513172
784451397639139328,107012365
784451398893047808,68226471
784451399924920320,309451431
784451418266611712,99651997
784451427888422916,716072847622414336
784451430677643264,708784431331471360
784451434117029888,743888382317600768
784451442547359745,773568946117181440
784451442853699584,206333044
784451451594473473,4700267755
784451460478173184,17068970
784451467432202240,759178228279803904
784451478798893056,116835497
784451483207028736,365627246
784451502198910978,712778286544326656
784451519663878144,367903969
784451523149520896,4399919654
784451532603338752,25867779
784451539423330308,1903513172
784451541445009408,110201928
784451542015410176,23350577
784451544116629504,1653547458
784451556871733248,2231222559
784451560529158144,703956193698521089
784451573334155264,702104862671159296
784451574407888896,702104862671159296
784451580510674944,23395736
784451582251401217,29868363
784451603965288448,35606154
784451607543050240,2798515960
784451615159832576,4906918580
784451615063441408,787919732
784451615512223744,1903513172
784451618271993856,62312112
784451621044445184,3287873306
784451633648394240,2723217944
784451643395878912,2875866962
784451651813924864,103082080
784451655206973441,2211755527
784451657270644738,800718805
784451661343358976,272431268
784451684655173632,705552616315494400
784451687494787072,755057200901398528
784451687914344449,1903513172
784451688409264128,148070959
784451693039673344,1023431881
784451693022945280,552236578
784451695610728448,325373865
784451709619822593,714437138759155713
784451725868412928,50948136
784451727634423808,80919423
784451731933409281,122448487
784451732948516864,217575068
784451742771666944,4596637336
784451756323332096,754786694340104192
784451764342751232,717414106379259906
784451792239288320,704094904595705857
784451792847380480,171143721
784451804952002560,950976000
784451811650314241,1205138478
784451817342111744,2969992499
784451819003056128,217778166
784451824287830016,281998968
784451825940500480,1903513172
784451830184980480,272642967
784451837097160704,50948136
784451852830183425,15147847
784451855887822848,754086125917106176
784451867669508096,766547376
784451872950059008,783043922985488384
784451884610314240,716005020
784451897088315393,702104862671159296
784451898174734337,1903513172
784451899424583680,59572157
784451929560653824,3219680120
784451930491908096,438561525
784451944907694081,4839710675
784451954143617024,135127362
784451955452153856,1903513172
784451962905497600,616260000
784451966818811904,16042794
784451971642068992,65109514
784451979103703040,501052337
784451982618755072,144712629
784451985328082946,755038953753804801
784451992093470720,771748630965301248
784451993284677632,198876996
784451993716727808,22170416
784452002969288704,496370911
784452006614151168,92811584
784452010619899904,3344005587
784452012255637504,3438108373
784452013488640000,4839872717
784452021013262336,759773049830854657
784452023542386688,3004611981
784452027787022337,731869622434029568
784452037081653248,232921052
784452051396878336,97273575
784452062004191232,701253999228354560
784452067129565184,127034085
784452075249766402,172062059
784452075266551808,2561734922
784452077233721344,3050638944
784452080991805440,186156580
784452082543628288,186157193
784452084544352256,186434884
784452085752356864,186453966
784452087648178176,1870635577
784452088151412736,184740076
784452088184975360,4072379236
784452089267097600,184756624
784452090642833408,738646878
784452093180379136,185165488
784452094199607296,185321887
784452095806013440,704744221899689988
784452101199933440,720467214466490369
784452101208350720,772921250586828801
784452115234037760,71749057
784452120154079232,411882025
784452121596923904,729950129923489792
784452124293730305,42785685
784452125942226944,431670207
784452153008017408,144206754
784452158762717184,215667555
784452161564475392,776959799871303681
784452165351899137,63218422
784452177217609729,2488999291
784452178522042368,726450364795510784
784452180522573824,597989708
784452195672465408,17000552
784452200747720704,2233811049
784452221060603904,28387347
784452223761838085,16305494
784452227863719936,242958904
784452243131162624,700472961464082433
784452252937302016,28456322
784452259979681793,757189220662292481
784452263834030080,187618058
784452269462859776,2317974127
784452271543156736,92110336
784452277620932608,713519001012449281
784452290996469763,1012636640
784452304363806720,96161452
784452311259185152,22621383
784452314904002560,4151592795
784452324215447552,58006535
784452334101356544,73264242
784452336458559488,3261123452
784452339704922112,707253890299744256
784452341936246784,2600300989
784452347044913153,3280337558
784452348454268928,2939713613
784452348496064512,8668432
784452360026394624,846120566
784452364241555456,27303554
784452366300917760,156596350
784452370201661441,22292787
784452391634554880,8668432
784452393467609092,481484010
784452403231879169,211341949
784452407984025600,711895741757845504
784452420755525632,3433367477
784452421577678849,22428753
784452427361562624,181604841
784452435305783301,3246608745
784452442284920832,770550
784452442943524864,1616425044
784452445443330048,3061346188
784452450598006784,1598812760
784452473016684544,319388699
784452486828556288,4776405689
784452502330548224,2244492511
784452508043411457,1428618517
784452512740966404,33551417
784452513672159232,1354512212
784452513600770048,15288889
784452536816246788,4918944611
784452543913000960,393348427
784452551416680448,373011154
784452562951036929,629090577
784452574401466368,19024627
784452580587900929,30546915
784452587512791040,15827727
784452594274078720,91670958
784452616239607808,784192450881609732
784452616507891713,776187677183909888
784452626616246272,59080395
784452645528272896,371982724
784452646543384577,783043922985488384
784452649022173185,920411250
784452649852604416,4839403219
784452656773423104,4788666261
784452656597041152,31138174
784452669452812288,2724159638
784452672787140608,802817546
784452676306149376,411845790
784452688645726209,544589549
784452698607198208,2826841393
784452708396834816,733467898761482242
784452715304943616,343176821
784452719964590080,761276825519607809
784452739581349888,25542224
784452745369714688,759197754044416004
784452767163088896,22926853
784452775983710208,3313514424
784452780547198976,461263284
784452781730066432,192932586
784452784095625216,308753213
784452790496223238,827214126
784452795453829120,4691508230
784452798570115072,4064331736
784452825480847360,1909451209
784452828551012352,361481231
784452833097637890,14115262
784452835366801408,287868732
784452835920388096,756668572370436096
784452840127275008,20637408
784452841079468032,851512388
784452849119789056,1837638115
784452869965524992,15347644
784452874365497344,709509298653626368
784452888705789953,721327574786392065
784452893495689216,756638811728257024
784452894015619072,578767451
784452905902284800,4838520568
784452927675129856,2479460982
784452928870477824,2233811049
784452936734613505,1931086572
784452938529906688,41186732
784452944355655680,762105352213164032
784452949548216320,1888104715
784452952106860544,759390922635370496
784452964647854080,2986813677
784452989868277762,283677281
784453010105729025,15064082
784453040208171008,427028916
784453046050906113,3227742764
784453046570881024,23450564
784453051688124416,770376709338112000
784453054535991297,1056832406
784453059044859904,707253890299744256
784453075339575296,18644313
784453074366726144,735933453070258176
784453077847932932,17886038
784453084671979520,3679531575
784453093526155264,884604300
784453096470618112,713582080291172352
784453099813539841,776157879892140035
784453112023187456,583286536
784453122525634561,2330881664
784453127743401985,4899354976
784453132344365056,2961334916
784453136643567616,1002862598
784453137079808000,46309372
784453137872584704,757098405109780484
