784202512639361024,2511606138
784202526090493952,25387735
784202526698635264,226070187
784202534655234049,724050768106500096
784202545120108545,743562578551574528
784202547955236866,146160591
784202548739579904,737049621411692545
784202554187980801,232314623
784202557543501824,723684376236584960
784202562564087808,2459121330
784202582352797696,399745111
784202585687195648,185370151
784202587331526656,49741096
784202610848833536,91564192
784202614145748992,291482799
784202615638798336,15407462
784202616276267009,3847040403
784202619090718720,750808149997805568
784202648719200256,3191215190
784202655036039168,4659376637
784202667673391104,2513688836
784202680935800832,97793731
784202687533424640,2815845250
784202692230995968,757619175036682240
784202718718136322,2889057444
784202733125529600,754740260366606337
784202752138309632,2532463685
784202757582401536,15414963
784202758077374464,280837057
784202760518533120,715692244846510082
784202772719738880,278315777
784202814146785280,782556135354015744
784202818391515138,248349283
784202818672472064,16562075
784202855636799488,2866202223
784202863744614401,2218836026
784202865481048065,19148866
784202875039723521,1511750058
784202877539590144,840127854
784202882845319168,517166803
784202889329684480,744503122865717248
784202902931845120,487649333
784202911333122048,714633790749077505
784202926512345088,1216685154
784202929335074816,47019515
784202931893600256,77019125
784202941037031424,712795849953116160
784202953221480448,19950666
784202957835218944,3120820724
784202971026448385,4794332488
784202986096427009,2222806434
784203015007985666,47019515
784203028937138177,15039950
784203030782627840,17427401
784203031852134400,15373108
784203039070625792,4441711287
784203087628144640,4847877405
784203108805214212,2329260715
784203109199409153,86861687
784203125523615744,47019515
784203129021616129,62128121
784203173820891136,2222666510
784203183908421633,21024653
784203188077490176,1616425044
784203195320971264,46726877
784203195555811328,4885459213
784203194985578496,62128121
784203208541429760,336744713
784203218922254337,2788534284
784203227130687492,4157953637
784203227591946240,2236655070
784203248236388356,603069068
784203257623216128,735297696982925312
784203308009332736,348714857
784203308609236992,2289955818
784203315320016897,2369300364
784203325113786368,3003765995
784203330432172032,47019515
784203333833781248,7036272
784203336090198020,274684085
784203336253706241,64914038
784203357787267072,257933772
784203368130572288,25548309
784203374673530880,3691110204
784203406080696320,4847877405
784203408282492928,467810972
784203413571575808,742349413356474368
784203413936480258,4653073094
784203440817737728,39609732
784203446715113473,47019515
784203450842247169,46085118
784203457100128256,29993565
784203469104246784,29557078
784203479543848960,764919978369908736
784203484723875841,150240350
784203493552820226,172141399
784203505363853312,15598131
784203506651496448,26400100
784203508929011712,746893800166072320
784203525811232768,65937980
784203554844250112,15706896
784203590302707713,767500274151731200
784203593633017856,26102775
784203619612655616,701729624
784203648482078720,161011007
784203660410531841,135844795
784203662767685632,4817119207
784203668207771648,703395188878798848
784203671416340482,334555988
784203680555929601,34150442
784203692715147265,40578687
784203702483558400,710169596351741952
784203728941264896,907109209
784203732527435776,772899092842307584
784203738181472256,1177632823
784203749401071616,756303686175891456
784203751208783872,206693531
784203762722283521,744331216464265216
784203765498966016,3270783145
784203768392921090,79728736
784203772662779904,43341535
784203773421977600,711478914875396096
784203794401796096,2995431743
784203798151593984,2189444204
784203810730237952,21585124
784203817399283712,758830577663418372
784203819165122560,783446350591655936
784203860768325632,4650468976
784203866149494784,164554364
784203865751162882,2579299358
784203867256786944,63038947
784203876148793344,4007271078
784203885196021760,767455949221158912
784203889327403008,1706101454
784203961670565889,886037286
784203963688165377,877012760
784203973767094272,3969260535
784203982889562112,575740819
784204001000718336,46085118
784204002749665280,2993449593
784204007128440832,710286335853137920
784204065966202881,162466804
784204073499234304,1493419507
784204085994016768,2346152484
784204092780314624,3281458244
784204096387608576,3281458244
784204103954169856,161888205
784204104637657089,30687343
784204117774393344,319329439
784204121381466112,2314713792
784204132416495617,302226049
784204134622703616,4756437972
784204147172093952,437058481
784204157095862272,3220295547
784204161109733376,50198241
784204162271764480,62421237
784204181473140736,704684786397421568
784204190373453824,18154797
784204202419642369,336124494
784204211307372544,23394247
784204215757316096,24721390
784204228717793280,3967242739
784204230336708609,1471615951
784204236946944000,16788931
784204240596140032,162555684
784204257280917504,263962759
784204268744040449,16788931
784204282690056192,2758909685
784204291003314176,18959644
784204296149577728,414638265
784204297089146880,16788931
784204298242682880,751466597420822528
784204304085245952,995603191
784204304223653888,760169393556824064
784204308497571840,462832238
784204313077829632,4548203357
784204318572367874,16788931
784204326545784833,15147847
784204328856801280,751275043837980672
784204354089803776,738165538950512640
784204374704807936,49412379
784204383965749248,16062074
784204388353003520,749097009835978754
784204391117193216,2766325580
784204401527271424,242953519
784204404727492608,47679177
784204415313981440,122445605
784204421634940928,3247318839
784204423920652288,16788931
784204433362223104,16411611
784204445726801920,16788931
784204456967700480,2824945036
784204459266060288,2372893495
784204467608563712,16788931
784204470842294273,3098633816
784204484662571008,23268135
784204489406476289,1602173694
784204497450971136,728605346810433537
784204497736327168,2949142601
784204500164866048,138264201
784204522604236800,320919057
784204523753529345,3579072494
784204538806927363,741212609354039296
784204546084143104,778265291457527808
784204552413196288,781297848688181248
784204554162282497,18557458
784204557052248064,2903127261
784204569677004801,710237263406485507
784204576102555648,273328854
784204584789037057,138238022
784204595098771464,101446790
784204612165263362,3421327821
784204621220876289,1383470294
784204653999390721,1049212730
784204656457109504,268416076
784204672609447936,33198887
784204683367714816,2173550009
784204684772843524,326448522
784204690326257664,719202585639460864
784204697058086912,3017581041
784204697041182720,2160122575
784204710341468160,929029860
784204722089566209,765710310644736001
784204740494184448,527599017
784204744868958209,15737706
784204752242475008,3524019555
784204763353141248,389432385
784204764301189120,484477723
784204771867496448,83717415
784204788573564929,231795569
784204808794234884,79100774
784204810950238209,751466597420822528
784204839366471680,25655525
784204886422462464,17712142
784204886766391299,935266471
784204889865981953,38282454
784204898967715840,758346952643936256
784204918500552704,918035388
784204930273808384,762456727186841600
784204936036818945,745973480303144960
784204942668029952,237946087
784204943980892160,3430537311
784204950540812288,2983440962
784204963794841600,753577777257820160
784204974297276416,111031696
784204978873171968,3321952723
784204980286656512,39571251
784204984837627904,53309297
784204985785458688,4776334706
784205000834547712,189491358
784205007688114176,2908723580
784205041867587584,751116997
784205054966427648,725138141041057792
784205058552451072,68716544
784205059223543810,62418222
784205089422446592,513265708
784205092266217472,2233635295
784205097035141120,345399113
784205109723037697,890037313
784205140634898432,616487153
784205153452818432,2183257244
784205166824140800,825883099
784205202127622144,2233635295
784205202463260672,150091920
784205208435978240,27145408
784205211745198082,1471615951
784205229134708738,1646817217
784205241700855808,275187971
784205244569747456,2382419276
784205250093805568,2719358830
784205257224036353,510609255
784205265784766464,3308560736
784205273472708609,17087161
784205310172946432,539694341
784205319786340352,304218448
784205344331280384,759837837881597952
784205353831411712,340614610
784205360613715968,773945096689557504
784205368414998528,2195073912
784205385246834689,125304429
784205386219859968,153218852
784205391756402688,705463968802983937
784205394767818752,4703317886
784205411146731521,71384704
784205416234414080,15147847
784205422945263616,29637644
784205424937439233,25876967
784205429962252291,3018884124
784205430725615616,4053458907
784205453899071488,389837125
784205460337418240,78701299
784205461771780096,3279690919
784205465248935936,102404415
784205481355214848,2949142601
784205495729004544,285502242
784205509838704644,3517723337
784205517954568192,328509900
784205525265158144,22847287
784205540075241472,17677016
784205571117441024,232545660
784205571390054400,2350842762
784205577970999297,100343376
784205592961265664,328509900
784205598015442944,64914038
784205603308642304,2730215884
784205608765517824,14776137
784205619356168192,1671234620
784205622904442881,274806754
784205638540857344,16226605
784205643305525249,746896188759121920
784205651660668928,68284249
784205656035303424,2718798586
784205665728401408,15781594
784205669368987648,395529626
784205671818551297,4416515373
784205672338558976,256585910
784205689811894272,154031734
784205692576030720,22439159
784205703732953088,2780025196
784205704747819008,428979873
784205724805107712,107234633
784205774121676800,50450209
784205787765682176,717627639159128064
784205797630873600,711626309458386944
784205806615003136,80731193
784205813615251456,30312620
784205820800229378,18256467
784205821488029696,483686823
784205825086746625,874846453
784205827490013184,20291380
784205830249783297,535015395
784205836042113024,616875188
784205840462913536,822225433
784205859404521473,887302440
784205860025274368,730892343809871873
784205874638184448,3025850315
784205882414370816,753728205387862019
784205892430462976,26804059
784205902668636160,223375772
784205931030712320,730892343809871873
784205939641647104,514038892
784205954288001024,102404415
784205957303762974,2306364700
784205957295374371,563301375
784205961267408896,1210595012
784205961674260480,3567420861
784205967198158848,514038892
784205969534226432,278928389
784205988610072577,105345807
784205993798402049,4855352961
784205995077697536,187209408
784205996180766720,4855352961
784205999942934529,574068511
784206028741152769,215540183
784206045568573440,1951788738
784206045858058240,562367871
784206048332615680,33378508
784206052896178177,1495909730
784206065244184577,2173482021
784206091118751744,63972356
784206099595407360,18353495
784206124740386816,711829819844136960
784206126472581121,19811684
784206129605677056,3316930668
784206143367344129,1023539623
784206148098465792,138487078
784206155698409472,90665116
784206180193361922,3938050156
784206194671882240,634311232
784206228595417088,16788931
784206237361577984,32160698
784206247461388288,16788931
784206255371923456,247599999
784206257020297216,47178451
784206262351179777,1589267491
784206262669979648,867343717
784206267262734336,16788931
784206267757625344,857349624
784206286103523328,16788931
784206298132910080,3366997389
784206302490669056,16788931
784206319993565184,16788931
784206325106565124,4845415637
784206326649851904,1016236338
784206331637075968,16857872
784206336791752704,16788931
784206341510279168,719276945804959753
784206353170505728,16788931
784206354198192128,4870388427
784206371164082176,16788931
784206378277548032,750905187783544832
784206410733289472,48581849
784206414281486338,434750746
784206420304498688,700760229051379713
784206421097345024,60342790
784206423374884864,514038892
784206460016267264,2385061622
784206467146448896,37102679
784206512940019712,2456416379
784206516358381568,483271939
784206541712871424,4422984375
784206567956553728,82040841
784206567809908736,49412814
784206573463756800,3932526499
784206575292575744,41125331
784206590664593409,1598061848
784206592715714560,198802343
784206593793658881,769360780290564096
784206605181067264,24046940
784206614895230981,138007573
784206616639922178,4519046181
784206618162593792,535527785
784206623669559296,301374864
784206625468928000,10323562
784206645220040707,2882972224
784206665667088384,16788931
784206667583983617,2891622910
784206685531283456,16788931
784206697581703168,21591570
784206703147364353,16788931
784206716946620416,1021234508
784206743131664384,746387674286559232
784206770461868033,3230944180
784206776820461569,2302519916
784408302461616132,21266998
784408304546095104,177767632
784408309746905089,766713830462205954
784408315790974976,24716002
784408320492711936,766713830462205954
784408328709431299,2157061574
784408329942503426,3291927706
784408348393299969,323132701
784408351144833024,231854780
784408356605792256,110857907
784408382157402116,4465637474
784408384959283200,2660026124
784408412834697216,21922721
784408419197333505,775890654874304512
784408424402391040,2307296066
784408430777819136,82016079
784408449845166081,479181526
784408458833567744,175139117
784408459097759744,496385648
784408498369167360,14911886
784408500071829505,138232124
784408509190377472,221812027
784408509949411329,705584118088609792
784408519323901956,3291458802
784408539351556096,189730834
784408542421868544,3065731036
784408547379417091,13671922
784408563024142336,778030952069079040
784408571471536128,1949347722
784408614303850496,190878483
784408642875367424,4270517292
784408685061689344,3432880557
784408689780269059,17756195
784408715583557633,14173339
784408733862522880,37298632
784408736022433793,398070332
784408753848274944,2873354488
784408755471605761,16251461
784408759497928705,4270517292
784408764862443524,24702075
784408774723395584,54358945
784408775264526337,4808436291
784408784420700160,2888805479
784408797049655296,2306224973
784408802028204032,4085882843
784408825428258816,728172121877184512
784408827202461696,118492640
784408833162485760,715807531063488513
784408837856034817,734445759081385985
784408863822852098,4410864754
784408880893812737,3635521457
784408883359911936,763994063892652032
784408890628714497,709049614666629121
784408908802715649,138168339
784408916083879936,4253867173
784408927559639040,409503621
784408928775905281,243889154
784408955174866945,216044706
784408995100495872,750881078693531649
784409014335660033,37425664
784409040461979652,460444796
784409045935411201,2777081299
784409053095223296,306859494
784409064142876673,62447206
784409077807849472,431061432
784409090361397249,309470356
784409090319527938,308464109
784409113489014784,4898100098
784409146896494596,2871435374
784409149530595328,3136161212
784409169696698368,581499659
784409204022976512,4085714123
784409206472445952,4491996682
784409244481093632,370701444
784409256510558208,377065188
784409275065966593,2549001186
784409278090272768,4268991619
784409289611816960,4888338626
784409301817364480,12203692
784409316644229120,2188281238
784409320121217026,778744041580093440
784409320431628289,17878103
784409330703405056,385041928
784409338446315520,393190233
784409339515711489,118492640
784409354006953984,173119648
784409368729120768,713729940907298818
784409372759773184,216044706
784409383212032001,1005160356
784409387062464516,75264771
784409395010560000,196802928
784409400265936896,3667472363
784409410928013312,22749718
784409424785842176,520771211
784409426186776576,950046762
784409457165991936,19811480
784409459950878721,385041928
784409464443023360,2234094584
784409469363056640,1913264444
784409475453026304,751482605334241280
784409479768977408,72717549
784409491056058368,25437536
784409495732563968,116949923
784409501533245440,783476796993867776
784409505329188864,389612610
784409507820699648,2826410182
784409510869864448,97742728
784409543287697408,763961842787950592
784409551265161216,129281932
784409561394405377,714949505720823808
784409566066905088,23380380
784409568767975425,19590168
784409596450312192,14078062
784409596731330561,2930376374
784409598451077120,57049338
784409601647140870,1392352717
784409613407916032,18707233
784409620462919682,4041511396
784409677056606208,84214345
784409682345472000,993896732
784409689572401152,773870985229590530
784409694504820736,763784971962101761
784409695918419969,16664309
784409719171608576,1095436520
784409729560825857,3083087059
784409729753899008,14692723
784409733948182528,410853772
784409739698446340,9234502
784409747516633088,745470693135900676
784409750918180865,4012710749
784409762834198528,2244677388
784409782102945793,740749171976773633
784409786628603905,195856294
784409792378867712,385041928
784409794325061632,41378243
784409809558859777,86794987
784409810569728000,756896345940697088
784409831998418944,199493444
784409837509619712,756809387759534080
784409849912254464,52931083
784409900302626817,4828093887
784409902475161600,75877232
784409909475414017,904789082
784409915133571072,2229650742
784409928396005377,782536978151510017
784409937371856897,174275028
784409963699462144,267303665
784409965691670529,1594642194
784409969151975426,1172926573
784409977095991297,754693797150359554
784409976483684352,757579846058930176
784409982158667776,459224137
784409983202975744,755511243801300992
784409985174368256,244710180
784409985165864961,755614943039352832
784409987426549760,754473545367945221
784409990266138625,707321401884188672
784409992438755328,757744834639699968
784409992547885057,756714099912957952
784409992560508928,750517084166193156
784409993537658881,753768787325911040
784409995811037185,222525885
784409999766204416,753687271178702848
784410005453676544,750811592955232256
784410012302974976,757421156534218752
784410014316240896,2991875408
784410019219505152,752898065351204865
784410018858893312,4279395148
784410019076853762,757986507047206915
784410024541949953,3578091555
784410037619793921,340997348
784410039087927296,3368600333
784410073166647300,3332044263
784410080678739969,248878026
784410096000393219,721185346797572096
784410103931961345,745319037677211652
784410126090252288,161894001
784410149968490496,50948136
784410156968706048,1949347722
784410161339248640,1132881972
784410162798833665,736949329
784410164958900224,729160572181303296
784410179316178944,31295722
784410192674861057,4826817374
784410243350405122,2851339224
784410248840880129,1715452344
784410257401389056,1833228726
784410259943063552,750229670
784410261650235392,975656262
784410271850831872,2332748035
784410273914363904,2205518100
784410289710129152,2746979823
784410303886950405,26476418
784410328444665856,713698829535674370
784410331749552129,15315204
784410364289122304,742848771059515392
784410372916686849,150651320
784410380680302592,1865674987
784410408622886912,1342155254
784410415207845889,38655718
784410416399183872,3290310954
784410423059619841,21032566
784410423730638848,85830717
784410453845966848,21032566
784410468769148928,3422870493
784410470983823361,3290310954
784410474876141569,2911833425
784410482228637696,1531525988
784410499622531072,2465258120
784410506081644545,169315871
784410518836637696,262816207
784410520392699904,270457886
784410522649239553,715931911504412673
784410527107723264,47683059
784410556757188608,49097846
784410564764151808,907258501
784410578815070208,783046681
784410590416543744,398971451
784410597685211136,356304246
784410606283567105,3018735995
784410611513831425,711218804815110144
784410611836919809,15852085
784410641520099329,1216621124
784410643407310848,22081490
784410652957782016,4711433017
784410653305909248,708701811209740288
784410659882672128,77394108
784410678270517250,2703114008
784410679507689474,2205518100
784410701121060865,149099047
784410722407182336,784377058482855937
784410724256849920,329323059
784410745538609152,720118842387734530
784410746817871872,1365107749
784410766296379392,522774961
784410770213711873,456357565
784410775125315584,25207598
784410790405165056,427506221
784410793240436736,783046681
784410801503338496,323294768
784410819593285632,154228382
784410846990594048,262493461
784410853978279936,575847627
784410873196576770,2168095204
784410909779238912,760261767322710016
784410938539671552,3124393011
784410940372430849,3003941690
784410950967320576,766167771566792705
784410956482777088,252708695
784410957187461121,3555533775
784410968147107840,3886099279
784410970495909889,76514412
784411014762598401,816244650
784411031267192832,381555566
784411037890031616,756567239302799360
784411059826327552,16664309
784411089400307712,756181062342934529
784411091203948544,139540900
784411092197879808,122445605
784411096798994432,4219197432
784411101756657665,781017494144376832
784411110703243265,3166141537
784411113089892352,3166141537
784411120450744320,510609255
784411122690625536,563997163
784411123441217536,1972212750
784411135135014913,157540573
784411137471315968,27443191
784411149693390848,1649477198
784411157847171072,575495178
784411184430718976,2781052820
784411197571493888,4182688875
784411208187125760,784228314378416128
784411221416091648,4374210580
784411221416181760,3207045485
784411221567148032,4861454029
784411226306732032,976793029
784411265544388608,313055068
784411276164366337,1539490387
784411283613360128,755407686305394688
784411284628463616,711102413374136320
784411294405242881,135376922
784411301426716672,3159852925
784411301913042945,33270656
784411309207068672,95467768
784411314932166657,784228314378416128
784411315230085120,4197484935
784411331424161792,779337133744009216
784411360427778049,4282865114
784411366689943552,2430626287
784411373967142917,720884901243969536
784411386189185024,2341977604
784411400487702528,4012422213
784411401049677825,3499636752
784411405697056768,84183328
784411438265753600,14365983
784411438878195712,2510389099
784411440929247232,15563349
784411457202950144,4069820847
784411464236953600,3407711843
784411470473801728,1053582114
784411483530747905,3039024478
784411490086367232,755157752549412864
784411489457147904,763982421297553408
784411496356851713,773491089017888768
784411497606754305,782770411373289472
784411500194566145,136346232
784411500517601285,778688784112029696
784411500400087040,772919145977483264
784411500941225984,776857753537175552
784411501402595328,768886941643223040
784411500093988868,4206242127
784411502182739969,782613716902621184
784411502069415936,769216292238794753
784411502358859776,764560298086981633
784411502384066560,766029221575663616
784411503117996032,2298865848
784411503176757249,763594642130628608
784411503092916226,608586394
784411502971277312,782066878193762304
784411504602775552,993896732
784411504183422976,765648314159210496
784411504317599748,764662496179421185
784411504917438464,758113972335902720
784411506054041604,4805891677
784411505592631297,390875071
784411505760411648,755157752549412864
784411508218421248,2855096177
784411508365103109,781930378273619969
784411509585698816,721732317711097860
784411509585686528,774924968949874688
784411509837275136,751561447998717952
784411511452086272,772056601184309248
784411511460470784,780543140314820610
784411512404267008,776443001526595584
784411513670897664,756668572370436096
784411514677567488,760184408100003840
784411515268927490,780479974767820800
784411516585947138,776130607948718080
784411516673982464,780796844238516224
784411517428965376,767494648097042432
784411518066565120,764560298086981633
784411517785563137,751563014814494722
784411518116823041,1075296265
784411518418890752,775392539465519104
784411519270346752,763518863212511232
784411520084037632,772964435875000326
784411520138551300,766509011336306688
784411520465711104,755081039140294657
784411520855711744,760879939210141697
784411520734154752,761464464642375680
784411520960651265,2738385870
784411520998395906,773861849087475712
784411521157767168,768850402636955648
784411521283526658,727638286504579072
784411521384198144,759567109471014912
784411521681981440,766155168278777856
784411521786851331,761343115819003904
784411521753284608,762863721370660864
784411521803624448,771919499192926208
784411522562875392,768186125194301440
784411523082956801,780524976990515201
784411523401732096,764657414616514560
784411523556921344,382921457
784411527386234881,776130607948718080
784411529076670464,735587667186978817
784411533593944064,542090289
784411558113742849,2549001186
784411564417908736,356379026
784411566938681344,3772895061
784411568884678656,2450202811
784411603919785985,309422920
784411620327829504,750229670
784411626707353600,14062585
784411634857017344,553943057
784411653693509633,725867168726929412
784411656491180033,757761915858800640
784411661616685056,1289813305
784411667392176128,145729252
784411680172277761,3074740384
784411680721793027,32478272
784411741568372736,750229670
784411744986918912,769542302570311681
784411746098294785,15704211
784411751517396993,868805886
784411751735562240,2300776969
784411755392872448,449600949
784411754537320448,130848291
784411761155960832,73219410
784411778696548352,18466324
784411819683287040,710686577702273024
784411830189817857,568300000
784411840667348993,32478272
784411845981507584,2355934348
784411859835236352,562180371
784411860456144898,442231646
784411875735986176,2934138882
784411886334971904,296689970
784411928621875200,857121152
784411944446988288,34125720
784411950964957184,3065572090
784411956929187840,991906664
784411963195584512,124862783
784411992190816256,301048344
784412004685578241,2300776969
784412008149954564,552153447
784412011933335553,1434771787
784412016228257792,932637253
784412026432925696,165073959
784412028173742080,146438035
784412032451751936,746907589967896577
784412073145008128,724594271114936321
784412095966162945,250940553
784412103264247809,2906735656
784412119265517568,401070948
784412121572474881,728732672
784412139599560709,194370433
784412152085917696,136346232
784412153121955840,1837638115
784412153830748160,762863721370660864
784412154090754050,780392297200517120
784412153864269824,779374233084235776
784412154296274944,766115281072693249
784412154485014528,777530179812003842
784412159258206208,3609833652
784412159610531841,781055490973392896
784412161019744256,242598538
784412161183354880,159637267
784412165243494402,730907103251025920
784412169332895744,2707699706
784412178262745092,2300776969
784412183602094080,730424791140859904
784412185145450496,326933869
784412190287822848,4235585306
784412195371134976,19698878
784412230301483008,4400176468
784412231203184640,1318587475
784412237146558465,768478842633785345
784412239851839492,44480621
784412239872745472,3020455940
784412274555510784,1235942888
784412281614503936,466098316
784412305580777472,761056167564980226
784412312941662211,20544048
784412336471674881,86954481
784412349537083392,103289864
784412351990603777,729950129923489792
784412368193351680,282710228
784412372135968768,738080100
784412378750328833,762443298283802625
784412380247752704,705189196680568834
784412380969054208,757107340768260096
784412408081096704,706948371
784412417254055937,96384259
784412419925782528,719286249970728960
784412420135526400,2748100178
784412425235763201,2380852292
784412430235410433,79468315
784412430814236673,2721171940
784412444127010817,2300776969
784412445028655105,739850773090078721
784412445402140672,385537554
784412498376228866,21374516
784412510384455680,23058571
784412514045923328,33220629
784412536137547776,3410689588
784412591208730626,1930980487
784412605607776256,44762482
784412606828281856,1215734857
784412608082259969,18724653
784412619801186304,575444819
784412632849739776,32198381
784412641821233152,2704863679
784412652147609600,1729092451
784412654349721604,597689287
784412664508317696,616458683
784412692089974784,4851587909
784412698788392960,3340810528
784412727804567552,778629866551910400
784412729549451264,720927815206641664
784412732523155456,29893765
784412734247014400,29893765
784412735463239680,3115776084
784412735761068034,19626004
784412772398460928,702511602952708098
784412785941749760,3011673768
784412801792028672,29893765
784412815125807104,520460203
784412819634597893,252935567
784412820251119616,226565178
784412846570348545,709556324573405184
784412864748498948,1120803739
784412887741714432,522757263
784412889612288000,4844017714
784412950387884033,1573585807
784412954380734464,744950188557615104
784412955706216448,701471466492137472
784413003076689920,3376927462
784413035137990656,102737967
784413055367151620,771723948090388480
784413056172384256,779337133744009216
784413066595147780,3251913037
784413082122526721,345327921
784413094629875712,61859806
784413094520905728,903168284
784413105920946177,887145463
784413107548360704,297014456
784413118969413632,25493304
784413123927154689,3118734087
784413124870799361,481688811
784413134203346944,2789007712
784413141245399041,730400574953267201
784413142466068481,722063693459140608
784413152653881345,746087288
784413180202192897,2349651323
784413193863106560,447282159
784413212938686465,144552609
784413215505526785,309422920
784413240713510912,218733260
784413247596146688,3422870493
784413259109572608,744950188557615104
784413260086857728,28381122
784413265677942784,702895208497856512
784413289249857536,907313276
784413298821206016,708776654202482688
784413323328524288,33270656
784413339816382464,212769991
784413342630719488,705431188266209280
784413346724401153,2450202811
784413357256441856,784205175858860033
784413358929899520,709515405338001408
784413370988519424,2240209413
784413378106318852,1969343886
784413384481599488,247203598
784413407726473216,616458683
784413409252999172,2972463581
784413422880337920,415114452
784413424147009537,3618639139
784413428639072258,4168866500
784413431743016960,235698522
784413433303175168,330643630
784413443319296000,22336731
784413446683103232,196195951
784413449250082816,89437464
784413453138046976,448043662
784413454580981760,743600698416332800
784413457508503553,245829046
784413499824939008,242640030
784413503658405888,718823260725645314
784413509706711040,101264587
784413520968425472,89929611
784413522520379392,765517019407982593
784413528178298881,15856187
784413534528561155,29890099
784413585170575360,2430755347
784413589662674945,411166373
784413598835630080,15995652
784413603021529088,27946913
784413608889507840,86307400
784413611905028096,845384539
784413615336017920,3313959727
784413620092317697,570115053
784413637666406402,394315856
784413652896079872,2329260715
784413658222891009,3368582133
784413661477507072,3377990459
784413675457130496,24555123
784413698093756416,415114452
784413721296642050,775002897318686720
784413727252676608,741212609354039296
784413736706646016,1226641662
784413780079808513,705192824375869440
784413784408461312,3760097295
784413795502272513,2916510189
784413810249437184,1300669550
784413811746844672,3487078280
784413817841278976,789738380
784413832206700544,45909550
784413840574259204,762730789956161536
784413840582770689,2750309806
784413845871816705,864654433
784413861826920448,4584443975
784413897964924928,2818744760
784413898652823553,249923419
784413904596185088,97710257
784413905913126913,263751035
784413914788352000,118492640
784413929938104320,1186457310
784413934899953665,711904659418419200
784413945608142848,705189196680568834
784413948200181760,1186457310
784413978877460480,2768251144
784413983960735745,746199929995988993
784414008606457856,8104962
784414019348144129,40144113
784414024117133312,4759069880
784414024553431040,2933793124
784414029322256385,563056473
784414049140211712,389297134
784414059148050433,2893307777
784414087329427456,741680976
784414103959928832,2302327181
784414138214838272,773881713843904512
784414156141301760,704884530734362624
784414157634277376,2906735656
784414163296739328,466152563
784414169391067138,784411016503459840
784414174491410432,705189196680568834
784414187632074752,33811812
784414191453081600,183753455
784414193218887680,533074865
784414217722003457,31231781
784414225108049921,262400444
784414244905295872,15281391
784414251674775553,2691309440
784414258276761600,1674023324
784414266925383680,97072212
784414270662451201,28585760
784414273229328384,370421682
784414273799946240,2565291080
784414281915699200,735542911132110849
784414283366928386,4183466843
784414289931100161,114974578
784414290392420353,2272894566
784414292712026112,36230835
784414299817115649,4837004436
784414314685865985,2792672981
784414351444672512,4289485636
784414364056956929,711904659418419200
784414377248030721,3148710248
784414421426864128,225987819
784414424975015936,24200786
784414433766412288,3065865737
784414437977436160,291286514
784414486614700032,731284674895618049
784414489722576896,1340767668
784414491953987584,14152995
784414501932191744,4860570419
784414505115619328,2147858474
784414515312156672,137740733
784414535591481344,2536847361
784414536870744064,243331278
784414552276496384,578899503
784414553874370561,14057737
784414558085451776,733008066648498176
784414565710884864,24753538
784414566490992640,198000806
784414580223029249,633180487
784414586816442368,3276212370
784414588079050753,775954393787015168
784414613043548160,773565064393744384
784414622828859392,2149677560
784414631469027328,2330830849
784414637450199040,34507278
784414673819033600,731284674895618049
784414686242545664,757479552738332672
784414721088843776,5920142
784414723903070209,746049606425812992
784414729536167936,15827727
784414757608628225,746026408821030913
784414761198821376,733663385443782656
784414762008477696,33410754
784414766236327936,557444928
784414804274401280,43391167
784414823291289600,761833904
784414826848067584,390833402
784414834133794816,26950079
784414841217757184,2691309440
784414848696266752,79565581
784414868333924352,720612792210825216
784414904254074880,373689086
784414903767564288,15468048
784414914198765568,44890357
784414939280617472,364601868
784414940903845888,1909804782
784414963624316928,3647712853
784414977629093888,1909804782
784414983811502080,536138546
784415013674954752,764942960651743232
784415038186463232,326933869
784415050534494208,4183466843
784415059715973120,4055906223
784415071107686401,189261413
784415101432557568,517606293
784415108684390404,1949347722
784415129295286272,713218818
784415142532349952,1921517018
784415145015533568,34878259
784415151885651968,4739619246
784415157938036736,265847681
784415205493084160,251754138
784415223771963392,338567078
784415247268319232,127034085
784415276762673152,57312848
784415296316583936,6273392
784415306752155648,469651675
784415314503163904,4911105927
784415322388373504,28777330
784415321729929216,414632768
784415335910825984,4550105749
784415352184799235,125304610
784415358132314112,25238117
784415383507836929,3225728517
784415404059922432,759063038683148288
784415412561641472,2344021386
784415421688606720,1339944438
784415427732570112,479601642
784415464835342337,776598942700212224
784415480127758336,3233164543
784415501388750850,221034430
784415515594756097,1459916354
784415517427793920,743405733451030528
784415521932398592,952296307
784415525950464000,128318585
784415526730752000,807998719
784415531550081024,395491775
784415540513234944,4003445572
784415542711087104,482788403
784415543986049024,2962190770
784415563518967808,2344146656
784415567944048640,4180352153
784415582099648512,3997371015
784415639993737216,166329578
784415657844760580,759849094135238658
784415696654520320,252738982
784415698306990081,3739067240
784415723607171072,750360169
784415730272010240,1968176760
784415731526070272,137718722
784415744205451264,23394247
784415794268471296,753321800
784415798735626241,3383386827
784415809405759490,236905553
784415816208883712,3886099279
784415844143161348,170471798
784415854066819072,238628172
784415854482063360,12176742
784415856692461568,769973530410749953
784415858164502528,733635404826435585
784415868881108992,630594638
784415869803769856,1164705565
784415875738640384,2992918764
784415883028344833,2191516176
784415893501517825,271315071
784415896391606272,707357095801298944
784415897876324352,15717071
784415914225639426,206957682
784415919954989056,64101179
784415920311513089,711366038005231616
784415920374501376,3313959727
784415938791649280,305305516
784415964754382849,745135695379914753
784415965777920000,758809594936238081
784415971150733313,742039303983767556
784415972702642176,1199155368
784415973805740033,716775092882112516
784415990188679168,872210570
784415993468710912,490167595
784416011512606720,398336111
784416019846615040,2283911648
784416068022497280,498586989
784416096547766272,3180679291
784416097772539904,231295638
784416108124119040,4282865114
784416121751470080,36715813
784416132832735232,143011861
784416136909783040,471181953
784416166240477185,533366813
784416169084096512,736664723505086464
784416178135498752,1366290577
784416231159758848,4211034869
784416238646603777,3058539006
784416256296443904,1367222496
784416276982661124,3087117959
784416280220610560,758124145095823361
784416304514134016,637096765
784416320993406978,718172579584876544
784416341151191040,3253872859
784416396193173504,167985567
784416411921879041,16145231
784416439650295809,710903460934254592
784416442007433216,278601154
784416474748170240,241580028
784416475780087808,721709260166434816
784416486567718912,18393661
784416509087014912,250531880
784416529710518273,66704315
784416541601329152,219301583
784416561956130816,479233345
784416579954024450,3214898523
784416586740277248,3647712853
784416586589474816,3051192938
784416589663789056,344997326
784416615613988866,3943312469
784416623276896258,1640255275
784416635155120128,3158642347
784416669800206337,250196494
784416681531613184,22781312
784416694525714432,456775778
784416711537750020,37154934
784416722384105472,54226583
784416728583245824,246082925
784416747939962880,2652544230
784416751563841537,1601667793
784416760019595264,524006805
784416761152057349,64815770
784416778172653568,2342116610
784416784749395969,204713195
784416788083712001,709479371380097024
784416800767291392,362116546
784416805406126080,158339214
784416809331986432,1650177931
784416819012448256,28806459
784416823483600901,736291160688201728
784416833239560192,45882011
784416845289787392,708633916526170113
784416847063945220,3093907031
784416857583300608,4765028258
784416864566857728,20075367
784416867884470273,705158634058162177
784416883495886848,199859048
784416884170956800,20138128
784416920774725632,315950800
784416933198397440,52499553
784416957726658561,16172782
784416965716615169,2458410882
784416965305794561,701804482129215489
784416985664937984,3383386827
784416991314456577,3111906865
784417007198408704,34487135
784417050647232512,2699092074
784417052303863808,17507250
784417054560509952,726119923886469121
784417062328365056,2421328721
784417089851392000,40874240
784417090224676865,65634311
784417101624770560,756001022225453056
784417120473931776,16296206
784417127532900353,1244408377
784417129017868288,296689970
784417176124059648,105604742
784417188983615488,769025252
784417223511199748,4769674171
784417245619380224,393048573
784417263311024132,16129467
784417263667515392,379433842
784417264535793664,784921752
784417267966681088,25629169
784417271397556226,703288106401705984
784417272290955264,775564555627921408
784417278364258304,2892813209
784417281774321664,228865063
784417281543548928,775564555627921408
784417289726730240,1415731813
784417290305536000,2494692866
784417306373828614,759463089448230914
784417312963112960,616487153
784417318868750336,12367122
784417333104082944,2868389650
784417360962662400,182996941
784417366176169985,16245302
784417390809321474,1158461574
784417392998973441,1016296854
784417401949523968,295195137
784417401387515904,27402668
784417415308386304,900908972
784417427098443776,4710999128
784417445373054978,4253867173
784417447185002496,222024790
784417470815797248,21696279
784417473911099392,54655771
784417506765266945,75038550
784417508816146432,755547494369660928
784417517561323520,705568732148531200
784417518131695616,3420435673
784417518324678656,25605222
784417528441282561,21398055
784417555175739394,543685732
784417560032784385,17164121
784417561530109956,3676581614
784417575098691584,479205276
784417578982580225,22383485
784417579263676416,796881152
784417583969689605,152357230
784417588319293440,1586280302
784417597332807680,464907999
784417645009534976,273397053
784417653343543302,4068291741
784417656099045376,861408704
784417658762559488,1183754426
784417662701080579,295018023
784417668862443520,71813531
784417670976405504,701784908692332545
784417677737623552,3904868183
784417690224058368,105604742
784417699090661376,2807938404
784417709861724161,495415645
784417723510034432,41865730
784417728354365440,2421228369
784417734788456448,574915137
784417742371819521,2760241093
784417744779350016,3063990535
784417775246651392,27264308
784417783706550272,1016733578
784417784356712448,45284956
784417802144940036,622375707
784417809245704192,36514310
784417820599652353,546526202
784417840422019073,865003854
784417845102903296,246566215
784417846336028672,634734888
784417847158018048,3311587398
784417855118901249,14931166
784417865873121280,1358290958
784417874945249280,754015555364028417
784417899083665408,18786099
784417910924062720,1608321360
784417921120559105,25677506
784417927097442304,342456443
784417932914720768,260022146
784417933665632256,708160999400951814
784417934315782145,1472502049
784417948207157249,4855625836
784417974908100613,40173650
784417993748992001,548597565
784417994558566401,1541207514
784418013319565312,327126454
784418030398734337,250244102
784418038233706500,4126703173
784418048837124096,287259683
784418056839634944,3058539006
784418066071293952,2376194748
784418082676543488,206957682
784418080839573504,2762105775
784418084194881537,168917045
784418095989452804,741073833982066688
784418099319627777,1385511295
784418116876972033,98487877
784418125454323712,237572596
784418128490995712,1903105045
784418133704515584,18123272
784418150737588224,24581337
784418151366742016,551372332
784418158274719744,775558437220474881
784418163496722433,721737068322271232
784418163911954433,771030723348267008
784418172224974848,205689843
784418194446553091,714562647635705856
784418200599433217,9444372
784418220568670212,3516831555
784418221571145732,15789238
784418240734912512,148840410
784418243805061120,760503905872740352
784418249412718592,94384054
784418254043381760,784377573522407428
784418265254813696,4874963719
784418268744392704,4874963719
784418270958936064,19461803
784418272091447296,4874963719
784418274792574977,19461803
784418289380384768,4874963719
784418294610571264,718302374742372353
784418301111889920,123308985
784418336381730816,175427682
784418356715778048,4874963719
784418358267568128,2551394742
784418359228194816,358277172
784418361987862529,67514697
784418366161379328,770308589198147584
784418369072013312,213832949
784418378727424000,18568363
784418385929134081,4874963719
784418392845320192,625185937
784418404757307392,54031747
784418448071852033,573053124
784418465427914753,3970409233
784418465964822532,4874963719
784418479860428802,21120959
784418481378693120,515815035
784418490295910400,208059447
784418506418884608,2765857389
784418506695585793,2916795903
784418507782025217,4874963719
784418516787163136,733795265413545986
784418530628370432,68238610
784418540145283072,1176567348
784418549574107136,4874963719
784418552304447488,25924647
784418553894240260,4874963719
784418567173251072,3233164543
784418574244810753,950541697
784418598403973120,9314632
784418606914371584,4730217577
784418608449478657,4874963719
784418617869860865,405559463
784418651978002432,45250164
784418657925533697,2515276959
784418659594756100,36995233
784418707661582336,962643211
784418726812811264,3686178436
784418750426599425,4822039626
784418765903695872,703667249987592192
784418781204353024,921280885
784418846744645632,855700650
784418864952061953,243776687
784418868735324160,4857537145
784418869272162304,248841973
784418894870155264,1543995362
784418931570245632,3686178436
784418934330044416,251159976
784418936876040193,398336111
784418938096455681,77187046
784418940776812545,799210020
784418948188033024,3734120892
784418954672431109,890007588
784418961072926722,3359907553
784418962696179712,398336111
784418970044657668,534117566
784418979683139584,398336111
784419016190271488,4831537214
784419016962150401,208210624
784419035656183809,398336111
784419038776745985,1637554682
784419066773504001,545377339
784419071081283584,4874963719
784419079528513536,1383905040
784419089988988929,456753691
784419091989880832,74900991
784419098008576001,3321777673
784419099678040065,47806130
784419101523320833,510609255
784419122301906945,709479371380097024
784419122608168960,4709866640
784419127188459520,3370005485
784419149233713152,3296734251
784419154824683521,20536223
784419161627848706,356360314
784419163314020352,549600704
784419167176974336,526251283
784419172365266944,2316421645
784419183442399232,773958445452161024
784419184189050880,4874963719
784419186932080640,415418595
784419205630287877,508062291
784419225276383232,70247351
784419240514166784,169552929
784419264065310720,4874963719
784419271262740480,4607646076
784419293408534528,767533577407987712
784419294641881088,721084599602966530
784419297120530432,540295061
784419298580193280,764637270829768707
784419299532283909,764637270829768707
784419301298020352,711693653954015232
784419313721733120,752702638781767680
784419318469627905,4874963719
784419331614445568,21660781
784419378544545793,2523556454
784419378762813441,204713195
784419391991603201,20075367
784419394008985600,753233805041815553
784419402506575872,732681446444433408
784419417715314688,556903397
784419421557104641,3024166081
784419428683378688,1342155254
784419445301141504,2263640496
784419445942779904,2532571362
784419482190090240,363181468
784419501517307904,748336266106671104
784419514783936513,96835486
784419520383291393,20156969
784419522174390272,14551462
784419527626895361,3399159363
784419541556137984,402924942
784419560166490112,1415740147
784419570106920960,1415740147
784419596916916224,714966912237756416
784419601807540225,732648187379519488
784419601849409536,2825008953
784419601794891776,732649849955471361
784419601811734528,214707287
784419601669091328,732650853677563904
784419613476028416,3434525997
784419617473044480,39100089
784419625991823360,714633790749077505
784419628445380608,3158642347
784419643855282177,2240033851
784419645843464192,308793927
784419646195769344,4860747387
784419646090964996,1427868997
784419656522014720,757775301220765697
784419674138087425,358385326
784419685353738240,717761952311717889
784419692215693312,711612883692621824
784419697252982784,45284956
784419713904435201,17006292
784419720137089025,40908168
784419730589294593,2916795903
784419731499524098,83303123
784419750348673024,1372235592
784419754823954432,3555533775
784419758988865536,428149812
784419764223389697,313080999
784419773635502080,727624649237008386
784419778404442112,339838574
784419781550100480,726137975264825345
784419790777614337,305904374
784419807898796032,2169658575
784419828836687876,2963122071
784419842967429120,2176174432
784419849678131201,4196528835
784419855919349760,467767056
784419862189924352,3760097295
784419862760218624,761683688023175168
784419869529899008,972241861
784419898474766337,27234909
784419912940916736,3430116587
784419914534809600,25341983
784419915478413313,736664723505086464
784419922289975297,3510138854
784419928392605696,716305426996826112
784419933404991488,734062356339302400
784419948810477568,4196528835
784419963670933504,407065731
784419982243278850,17178342
784419990925479936,742630313436680192
784420021665693696,1539564943
784420038686216192,784380585972232192
784420041676685312,2789007712
784420048421134337,22805192
784420054616055808,3281458244
784420074010533888,185490821
784420112321302528,14969931
784420117648019457,97710257
784420117551603712,242618658
784420117899862017,467767056
784420137273143297,3928689072
784420155904315392,3358676414
784420160195162112,2300776969
784420162703388672,2912697515
784420176792018944,4877212719
784420182445830144,708383218081202176
784420185025445889,4704024206
784420188020178944,766827600245301248
784420190968623104,757998745724162048
784420214003920897,60684098
784420228042256384,1281870092
784420241489076224,48105920
784420246253953024,3163820135
784420285239865344,2296856839
784420289761337344,3274604148
784420305590689792,525745600
784420311903199232,339736269
784420314935623680,546366633
784420318169313280,213451424
784420346074165248,1916316697
784420352927657984,752702638781767680
784420359932108800,739893302653292545
784420370711359488,3288362353
784420376814166016,596843174
784420380991713280,21587082
784420394073624576,752946815008317440
784420402432921600,2178922148
784420406170050560,995329507
784420407109496832,864927037
784420414185410563,2552813402
784420428051656704,152710885
784420439665680385,97710257
784420446041235456,224311355
784420461367201793,3750896717
784420466152792064,716156428289847296
784420467167735808,3058539006
784420480421728256,69929485
784420514173448193,2891621519
784420521634963456,890007588
784420545031012352,592017715
784420560516292609,3237305590
784420575825526785,260563871
784420584335679488,596054223
784420591797284865,728384548162035712
784420596071272448,469355387
784420596121829376,2405138402
784420606930522113,19561523
784420617105711104,1378048946
784420621757276160,721104775689863168
784420623875354624,716800970
784420638375239680,414430624
784420642548350976,3061797379
784420647808086016,3279142772
784420648848199680,2890287140
784420650022678528,706265673
784420693035319296,341476052
784420697888190464,3007720989
784420700585127940,1944440994
784420712165408768,741315273278398464
784420713381888001,74214410
784420722374500356,15159627
784420726572916738,201876289
784420736865742848,3100287020
784420744432226305,76376399
784420747850633217,32889299
784420763767934977,1545933570
784420778930540544,72289373
784420781207859200,720781094270820352
784420790636797952,732364771954151424
784420795032276993,725867168726929412
784420820143644672,759463089448230914
784420820873453568,90804267
784420821523574785,154236193
784420852498440192,1899031500
784420855023566848,24326939
784420881703456769,4821920832
784420894869327873,2534439964
784420914909810689,721077250137964544
784420930319548416,766691870915256322
784420943758102528,389131962
784420962741682177,749958546004054017
784421009369595904,218318227
784421020606136320,254125063
784421037869928449,115125517
784421040503922688,165991872
784421051199397889,779765423285866496
784421070317158400,143543829
784421077581762560,20536223
784421079578185729,19132700
784421083822878720,1640975034
784421104010035200,125038870
784421109814919168,705564782
784421128999735296,522537060
784421136243097600,4262215333
784421170527502337,137143421
784421175040495616,2209081703
784421174885449732,733246533156655104
784421183944929280,44075113
784421212713738241,3937790773
784421217667350528,4186843694
784421219365953537,760633179543928832
784421223883091970,47388742
784421230455685120,547037006
784421243961413632,494624290
784421265100541953,23485848
784421275225710592,35491164
784421276630781952,720323991894798336
784421300009783296,238272731
784421312336916480,2547032929
784421319781875713,43341535
784421335439020032,355869749
784421369719193600,316161690
784421389981843456,742716154364497920
784421406587117568,3153844428
784421430943416321,36943006
784421444893614080,256693556
784421446613213184,2361859956
784421451369549824,706265673
784421452179054593,3244432807
784421452644806656,391646782
784421457761857536,790546093
784421495330275328,2205198069
784421514099564545,4251850093
784421518491156480,334923393
784421539185827840,757709658555490305
784421569569390596,272106433
784421579933483008,3179207340
784421583561560064,2149778921
784421588460531712,360037865
784421608811134976,414831408
784421629518643200,742716154364497920
784421640700588032,4874963719
784421643263160320,733776663708901376
784421646169939973,4624528576
784421658836643840,917320920
784421676092129280,1621464444
784421677086093312,1549532077
784421687232073732,711215011046105088
784421691099406336,4874963719
784421703220768768,48219360
784421705150234624,749953408883367937
784421737089884160,4874963719
784421763438436352,1341954294
784421776222748672,1877088140
784421798641152000,3683971032
784421819440893956,137143421
784421821898559489,233749323
784421830681501696,39880958
784421842886889474,21113258
784421845516754944,2313139874
784421847983153152,1000340761
784421855570464768,1408487016
784421862218477568,4859884640
784421885891190785,902319876
784421889112281088,91493488
784421895915450368,614653984
784421896972492805,357616182
784421916912316416,2175040543
784421934201090048,1373686543
784421936067674112,272028000
784421942610817024,4355483055
784421953557757952,141606461
784421957529776128,743671134458019840
784421978136514561,260434835
784422007370809344,1613964126
784422020066922496,750808149997805568
784422028585627649,2182967942
784422029600497665,426020316
784422030179459074,588453166
784422042703724544,23237954
784422059799617536,760503905872740352
784422075410878464,1418775942
784422076690096129,199924232
784422078460100608,45924120
784422094343987206,49964679
784422115789242369,291780711
784422138417651712,365733167
784422187277180928,550424189
784422194491297792,17444067
784422199981727744,783067127422955521
784422217023119360,4796151861
784422222110658560,4804341614
784422222119116800,756211642665410560
784422255694581760,354760671
784422258076950528,330926942
784422267434348545,24570249
784422282777198592,724407830502080514
784422290574290944,705630175661150208
784422296505225216,2942062409
784422306089086976,447324910
784422315203276800,390833402
784422334346256385,51326500
784422336929816576,3706930099
784422350863425537,3315764499
784422352679337984,581186129
784422362586329088,134268800
784422367447560192,43130013
784422376008134656,3239288246
784422383625113600,620640900
784422391661400065,2431833991
784422395914223616,474184184
784422400771227648,872210570
784422415656951808,1621464444
784422420878729216,82342265
784422445314781184,3407295058
784422461399937025,1686369542
784422482866425860,1496319918
784422508359540740,4180352153
784422514801815552,290791716
784422517230465024,497479932
784422528886251520,56238923
784422551741165569,547037006
784422572771250176,2816234438
784422579385798656,1278967314
784422590597267456,261336733
784422598570418176,755897108
784422605591834624,742691663693381632
784422615175860224,110421556
784422621903335424,2780767405
784422624906600448,620640900
784422628585005057,2780767405
784422629952323589,28113052
784422634301722625,163409123
784422701867884544,67183251
784422707265884160,29287755
784422712051634176,550743689
784422741625614336,936198384
784422778841731073,754832495867203584
784422793395994625,3991108098
784422809795633152,581499659
784422813801209856,182131132
784422814736650240,3903251179
784422822961483780,27741730
784422827512385537,525748825
784422831262162945,3185264267
784422842767028225,4745813239
784422876992577538,541241845
784422878905241600,793484450
784422881325449220,702963029521076224
784422910467289089,3634747458
784422920504213504,754455369888305152
784422923490566144,243331278
784422938154000384,232237967
784422944319700992,793484450
784422978133950464,731460962
784422980810080257,45377352
784422991958384640,3683971032
784422998736592896,762979883219681280
784423008182034432,389131962
784423013911519232,27124758
784423035671642113,4185297436
784423046140534785,20629645
784423050909454336,232906886
784423055787298817,705441738391838720
784423058782191616,2786184883
784423059029647360,82391708
784423090218344449,16742422
784423130714419200,707025944389681152
784423137634947072,103121228
784423142240419840,2456156386
784423144819986432,773622069091336193
784423151492968448,3288362353
784423183726342144,3075598736
784423191523491841,86307400
784423192999919616,84445191
784423237056811008,142715397
784423251959250945,1334528390
784423256451231748,284727715
784423284209098752,4251850093
784423287208103936,2398051825
784423289938546688,782631842310520832
784423292648103936,3609833652
784423298633392128,73186101
784423299765809152,50679073
784423299208011776,3588910875
784423316182269956,4853913459
784423326949138432,4222065377
784423351418630144,741141699561435136
784423368015671296,739836929278156800
784423369164791808,574915137
784423380380372992,744331216464265216
784423394351521793,765382188787437568
784423398587891712,91024763
784423435023839233,23394247
784423447199883264,19911325
784423450723045376,212441692
784423450966306816,459685872
784423469505097728,3321952723
784423471468126208,735561393055903744
784423481823854592,725749396147716098
784423496436899840,746149720758845442
784423502472327169,138238022
784423523678846981,123772311
784423525834711040,1973160024
784423543320698880,720118842387734530
784423545283735552,774258795283447808
784423561033355265,1216789842
784423561100402688,525097313
784423564308951040,1859515387
784423574538858498,742356589
784423604209549312,3247084884
784423606969372672,765382188787437568
784423608340844544,182503471
784423636967055360,3247084884
784423654914416648,45576583
784423655463874560,730091317783453696
784423664443940864,45576583
784423706332397569,4874940359
784423706282033152,4353901287
784423709289381888,4879865781
784423710241480704,68284249
784423728855732224,1491584220
784423729803649024,30995521
784423760656863232,1427177352
784423766155730944,712766082596151296
784423767372070912,36621427
784423787110334464,4908724512
784423795067006976,4762741814
784423804894318592,32058824
784423810292264960,1371492943
784423814834769921,790830852
784423815136903168,1905825578
784423823567454208,221121595
784423840445149184,3634747458
784423883134820352,122861948
784423885345202176,17395881
784423887295488001,3886099279
784423896057384960,496047763
784423896556724225,242975331
784423897802371072,282677694
784423898825850884,17491671
784423913207898112,3803379014
784423923463049216,757274753635749888
784423926415945728,54343319
784423942060662784,229240481
784423969659158528,438068386
784423983252967424,259552138
784423986490904576,896770410
784424011778428932,230717669
784424016387997696,1066204172
784424047580946436,711928918861811713
784424066044141568,904806890
784424069751971844,12146652
784424074155925504,462153820
784424075322126336,3111537519
784424142313447426,757979386582675456
784424162001641476,101932313
784424166426484736,1594433984
784424183933526016,725166584730361858
784424186718593025,780873702581731329
784424206700277760,38465698
784424216275791873,2771838432
784424228309250049,740928906
784424247951101952,3924259581
784424306298216448,709821204132143104
784424310341591041,19825983
784424329543114752,1155097699
784424339080876034,747957353107042305
784424349050687488,3320239122
784424364099993604,23114490
784424378754818048,92848597
784424385033613312,129997734
784424385713098752,252428768
784424390746251264,759724601052045313
784424392373788672,287469883
784424399264972802,157843371
784424427911979008,743465689176911872
784424451383451648,115532552
784424471159418881,3010704366
784424477824282628,460056075
784424480902873088,68022809
784424490436558848,2226140491
784424502566522880,2528628025
784424502943817728,274621914
784424519154872320,3118959806
784424521923199008,1449523543
784424546094948352,2407161385
784424557285220352,2346152484
784424558673616896,728172121877184512
784424559554560000,2346152484
784424608728506368,23913472
784424616643047424,20151002
784424643402739712,2501902609
784424645839716352,20598873
784424652294664193,135211161
784424675053010944,2718027954
784424689586143232,28239343
784424697597353985,526119734
784424697609883651,13749502
784424702446108672,132027703
784424723371339777,215808662
784424729541173248,73186101
784424730208116736,149192203
784424736315076608,711561855232299009
784424741889245184,32919802
784424749271101440,38218341
784424768598532096,102238015
784424801712558081,3332073706
784424813729239041,34146432
784424849267499008,2916795903
784424851457003520,526706019
784424885963612160,4808436291
784424900236873728,2374048657
784424901771874304,581305411
784424905987284992,2906351399
784424919735992320,4086424329
784424936668401664,24417059
784424968410898432,1119760256
784424982365425664,2850631496
784425019816439809,756949298395348993
784425028548960257,2363100289
784425041014513664,2749225968
784425043795124229,87562484
784425046974619648,1449523543
784425052934504448,162256265
784425059393925120,18320874
784425066977173505,779706654363414528
784425073838960641,3555533775
784425083917832193,717996161223634944
784425085381799937,17965226
784425110895747072,90803598
784425112300818433,774520356912726016
784425115878469632,4882353865
784425134123782145,762662043006763009
784425137894338560,159180954
784425141208055809,2480083422
784425143904776192,983869165
784425173160112128,3212982333
784425191564718080,390532129
784425204445507584,776036213409153024
784425253871218688,469442031
784425265489477632,714591140851396609
784425279145938944,55432168
784425291926102024,2396931925
784425301098975232,519025164
784425319935664128,776937722904711168
784425331109326848,461101349
784425342983401472,323991085
784425351816552448,636471289
784425367729676288,2514045312
784425369948524544,86317143
784425376843829248,1186457310
784425380102799360,350800339
784425389724692480,3059052737
784425403070853120,2323079113
784425420510863360,1559847805
784425424134795264,1355218452
784425425019740160,3391185461
784425448780341249,4508534893
784425475217166336,4858542486
784425485862178816,1232009113
784425489440006145,3436173213
784425522424078336,4180352153
784425554304864257,129055785
784425565453418497,2202013219
784425604892364801,772979239020732416
784425609464340485,3855726676
784425610089205760,609561759
784425615491411969,2202519937
784425616951181312,2691010512
784425621585747969,710877483092946944
784425625973063680,33373190
784425628749565953,19783
784425643006107649,372175598
784425645346553856,861681751
784425663855857664,542997188
784425696940662784,286387059
784425700937768960,3586652594
784425707875233792,366163310
784425725537452032,21010388
784425726623752192,727558548540956672
784425736937562117,724755639147311105
784425752603287552,727983860542144512
784425765915987968,515664415
784425788108046337,775342792469983232
784425815152947200,3447882436
784425820416675840,4858916014
784425821553295361,4826912636
784425823122194432,733246533156655104
784425826838282240,311663803
784425879292276736,1596757705
784425897629810692,885474084
784425911840014336,1947993600
784425938327003137,2202519937
784425942932295680,783830263885238272
784425944152891392,733866462796877824
784425948124946434,762341258689966080
784425969616433152,2440294932
784425975383818240,1947993600
784425980555321344,3098321542
784425999681392640,964892246
784426029762748416,2980186012
784426032472346624,1502284800
784426033906872321,633610122
784426034829537281,425936834
784426067339599874,2514045312
784426081541513216,276339934
784426087744991232,121554321
784426090144014340,36514310
784426100973645824,705118576710172673
784426110767378432,22523182
784426118631731200,19561541
784426122880675840,522537060
784426141167878146,713756394722340864
784426176462917632,75411585
784426184117460993,515664415
784426200974385152,2326144555
784426244905455616,283018881
784426263356186625,50296846
784426273414283264,976496480
784426287830106112,3141166670
784426301549637632,11332012
784426303562866689,11332012
784426331115286528,237139744
784426351138865152,608387419
784426379458797569,1449523543
784426447687548928,497479932
784426455040086017,782598329242791936
784426462711390209,376288180
784426463982260224,4826912636
784426549500080128,1665488298
784426562812772352,1077970982
784426569326596101,159122016
784426583427801089,3391185461
784426600079040513,90286816
784426621184970753,759043966629056512
784426659290066944,37447675
784426671684329472,9235622
784426701719638017,2980186012
784426707927363586,789738380
784426715577782272,2674575877
784426716865269761,4852730484
784426726768185344,3145648247
784426744086487040,2562054381
784426777997258752,2567523902
784426791016534016,599675249
784426798469742592,33897155
784426816341626880,2980406030
784426825476825088,1710135168
784426838185562113,775558437220474881
784426851716345856,56929691
784426858645520384,239079477
784426865435877377,2296798585
784426883093897216,4852035137
784426897522524160,102737967
784426902777794560,187059363
784426910239461376,581499659
784426938555170816,702104862671159296
784426940321173504,16149110
784426944137945088,733467830478245890
784426950437863424,234779339
784426956460793856,697541390646054912
784426957626892288,338567078
784426966569156608,2565291080
784426978535366657,739175812646109184
784427003491545095,2233304430
784427007891374082,4746162935
784427033367420928,299220494
784427047171002368,775342792469983232
784427062320848896,18022320
784427091689254913,2826841393
784427096781103104,4498771938
784427107090784256,902791272
784427108831559680,714947334
784427111926816769,149984992
784427117765287936,370701444
784427134630633472,1449523543
784427140209057792,3415644874
784427140871696384,177702195
784427148610273282,133793696
784427151864901632,538588302
784427156034031616,2173139748
784427187667697664,57089225
784427198652571648,19755486
784427207343177728,2921630580
784427221381443584,3588910875
784427251089698816,725469308558663680
784427268613386242,211955738
784427270404509697,2958978607
784427272329695232,300623137
784427275345358848,17347183
784427283872354304,776967498746830848
784427287135526914,300623137
784427291262717952,3135660532
784427311647039488,767434337851695104
784427313786068992,3609833652
784427369167593472,48528011
784427392940990464,26948706
784427429104201729,3343309577
784427496447971329,33029226
784427501242028034,717538175590076416
784427505214164992,48443121
784427540505124864,299874769
784427547509551104,608705985
784427551364042758,17659636
784427567575019520,17547736
784427578459361280,2286862575
784427614085591040,778744041580093440
784427616321150976,762764947113771008
784427617776766977,757709658555490305
784427620096016384,44644109
784427650362269696,4080552432
784427668158767104,463577491
784427671602147328,40708919
784427673929912320,705449046584864768
784427679432921088,3664107674
784427689449054208,853766604
784427715965222912,23701438
784427720071458818,267500884
784427757400760320,58315102
784427774052229121,1003538905
784427791777398785,705506254500790278
784427792268156929,52655635
784427792993779716,17542812
784427812035895296,15147847
784427824815845376,2450202811
784427828821561344,4476428301
784427846437576704,18026638
784427853983211520,588301588
784427871695675396,116384038
784427895729098756,784386353165430784
784427902460948480,2356032890
784427914737528832,9349562
784427916432072705,704050141955825664
784427940863877120,3284710891
784427940431802369,55750696
784427952024932352,3318186731
784427966977585152,427346876
784427973873065984,26948706
784427975055998977,2735511486
784427978419765248,783095817733308416
784428052851949568,3193836186
784428077048745984,30470693
784428085605044224,1355700883
784428130870104064,606036262
784428149769515008,90182185
784428151304663040,725148273011347456
784428155301875716,704474371105009664
784428162486718464,753975320990986241
784428162797010944,25997807
784428163916898305,3303763184
784428176709603328,772436658918600705
784428195965759488,19865528
784428197794443269,711576455306743808
784428210863874049,725121922032394243
784428228572315648,2753220014
784428240802721792,4510289232
784428259819851776,3103723512
784428266669039616,14385689
784428272666804224,162846392
784428280757616640,119642250
784428293256646656,2730143544
784428313880236032,25002819
784428331085209600,167034819
784428332301574144,3590388496
784428344091680768,3739067240
784428358478159872,3894224714
784428389214130177,69183762
784428399615877120,402151213
784428406402342912,113423378
784428409573244928,830942472
784428417475235840,49439070
784428435502272512,2844507908
784428440422273024,261359301
784428446747209728,741141699561435136
784428457883205632,480875170
784428511205400576,812185596
784428513038172162,119642250
784428527525527553,159097782
784428529463197697,973285034
784428590263853056,2217314669
784428594164621313,1504303334
784428594726481920,707625222141181952
784428631372161024,469355387
784428644580012032,531878520
784428659331346433,213083367
784428698564857856,2514045312
784428709713502209,2977354133
784428714662604801,131721866
784428759403245569,18393661
784428774494314496,23047147
784428776608247809,18465936
784428779577958400,24443129
784428805544931329,595659014
784428811844775937,60993405
784428832019189760,220816342
784428831587307520,2654779818
784428832380096512,485805440
784428863254167553,3368116613
784428878185889792,465432369
784428879154847744,714878737381101568
784428904387751936,90483217
784428911761522688,741238571357573120
784428940307890176,21587082
784428950382600192,713042264252092417
784428951980478464,2155448358
784428959219879936,3139061782
784429008515637248,585270808
784429016719749120,3069216826
784429065654693888,3184471478
784429089335697408,237928737
784429095497195520,803227008
784429101952020481,2739596257
784429120109236225,4709165706
784429135179485184,3306078628
784429162098528256,1449523543
784429172458344448,4900603814
784429183359262720,764942960651743232
784429187360706561,164242048
784429207166345216,722992162720329728
784429239324082177,3064712925
784429244310888448,2750619862
784429265135673345,291526015
784429266616225792,94611763
784429279086075909,767438346901749760
784429301592526848,1669388844
784429312963252225,402094121
784429327521906688,709542954256502785
784429331191848962,513366371
784429337403592705,110421556
784429339853008896,4264195704
784429341551783936,3288430935
784429360723787776,489471843
784429365039927296,29271900
784429366973300736,48438556
784429419289075713,57498443
784429474100056064,2693612778
784429474292957184,262273722
784429480467165185,3357427702
784429481825935360,26963983
784429552416202753,718655199406080000
784429568778178561,764196532287578113
784429603322404864,733388252355297281
784429617859862528,3950712737
784429640798638081,3390061349
784429657080733696,291526015
784429678127751168,102277392
784429692887572480,728172121877184512
784429708893097985,31718463
784429748541853696,4048442295
784429755500228608,4795576418
784429771191123969,2398300866
784429774970249216,2880950984
784429831081439232,24295324
784429832981647360,4760931337
784429833971523584,17965226
784429836945223680,17965226
784429851163799552,760180496995266560
784429853164527620,771022421772017664
784429856360697856,3410689588
784429874257666049,757712849405775872
784429877403521024,735106615104393221
784429904678883331,755954300107366401
784429917890949120,3145379514
784429919270940672,2835584205
784429923016536065,706784867
784429932747354112,2912697515
784429942385750017,4694916865
784429943732183040,17365683
784429946093481985,4843619266
784429971385098240,257835342
784430020332703744,23477550
784430026485800960,742496948905738240
784430059327193088,288363743
784430095393894401,779676595510317056
784430124670132224,105669931
784430144257527808,18485298
784430150691807236,714617115471425536
784430163568259072,764827309736099840
784430193498853376,712552463174393856
784430226121957377,2233635295
784430241477525504,2890828923
784430242190364672,3321048716
784430248561614849,625640550
784430262591430656,763789779775344640
784430294740762624,4843619266
784430319906742272,515664415
784430346737561600,240658286
784430372658384896,2281455871
784430375162384384,262273722
784430382431162368,44035242
784430405009018880,128739038
784430408217731074,36373165
784430418472923141,760592059359236096
784430455265251328,274621914
784430465969065984,466910067
784430477910347776,16887294
784430481324449793,82752430
784430517110378497,2384315095
784430520465629185,2802845137
784430541084983300,273822483
784430554787840000,86781256
784430613335912448,420225939
784430628959846400,39979971
784430679710896128,316788501
784430691572391936,34929642
784430705681891328,67531161
784430707485532160,69196651
784430722153144320,2545326607
784430738208796672,510682001
784430738296963072,3065855753
784430740826128384,75934946
784430781577826304,315461934
784430806110380032,467940513
784430823277604868,1053951518
784430836187705345,1271028361
784430839501295616,1476144667
784430845012697088,23394247
784430871814090752,307220842
784430890311094273,2918319661
784430917783687169,3227276122
784430934514774016,473037809
784430946611191808,4236806414
784430970464198656,200384703
784430976374046721,726236936038440960
784430995617488896,4010268274
784431009680986112,50846751
784431010041573376,4435806134
784431012268900352,17083170
784431024952475649,831695018
784431025984122881,63351677
784431027880165376,17794234
784431035585093633,831695018
784431048843227136,2837325635
784431056187379712,14105981
784431063531524096,24677438
784431072444489728,67903191
784431096008105984,4736727918
784431096293457924,594244296
784431098755424256,432261373
784431100567228417,471537637
784431104895791104,577768293
784431122285461504,147001949
784431129008934912,764827309736099840
784431133551321088,2866001750
784431136067969024,2502895924
784431139813326849,67238855
784431151213584385,47876739
784431179894226949,1416517807
784431187729256448,702963029521076224
784431193282387968,778295809221627904
784431203529011200,1188380772
784431231274512384,721825665343963137
784431236567617536,941943944
784431243748225024,888704456
784431243534315521,950426113
784431261897072641,907239961
784431316808896513,428149812
784431323020562432,320307136
784431332533362688,3013468825
784431342498877441,753728205387862019
784431372597211136,469331831
784431400401469440,157099071
784431427194593281,125730512
784431474489516032,635011613
784431478595780608,917787260
784431493850370048,3238101468
784431514410815489,1400943320
784431542303133696,705814755869470720
784431556710457344,51623734
784431646783266816,394105182
784431657042505728,919914043
784431668128051200,776504307235643396
784431674088194048,4786751115
784431677116416000,106788885
784431680647892992,2269622923
784431700533280768,31694460
784431704265981953,41280377
784431709890580480,757281780407738368
784431717369143297,457101340
784431738328014849,2887653428
784431743390486528,3035236380
784431756359327744,76848978
784431765913866240,778380350137380864
784431766455066624,87957969
784431767512051713,60684098
784431788529586176,131015067
784431798981832704,263742575
784431819198304256,783740573576409088
784431831873708032,453653679
784431866010939392,18823218
784431870750580736,4838520568
784431875859353600,759749437375873025
784431881022386176,732944818590994432
784431891831218176,738421809939415043
784431895438295041,1163876526
784431919815614464,1139455316
784431928430571520,333823882
784431931664523264,407966899
784431938811465728,18377610
784431942238367744,4029457580
784431966745604096,3081651703
784431991177347072,1452417348
784431995757572096,27127139
784432023729475584,750776657523408896
784432025801326596,733663385443782656
784432049579057152,2809680389
784432096592863232,427791291
784432102427295744,52915990
784432110455128068,2809680389
784432115194728448,541902518
784432118709358593,287835835
784432122157264896,5749002
784432132051664896,136347442
784432170022633472,1253289434
784432171918434304,776967498746830848
784432182265864196,38182445
784432204898336768,27882465
784432207452573698,3332096123
784432220840693760,1212600818
784432246983831553,768480231988555778
784432263547260928,782791275183472640
784432267057827840,480875170
784432276398419969,334358670
784432284246081536,3332096123
784432317439684608,16829397
784432323475505156,159558751
784432335693320192,2351094276
784432360041291776,4857734718
784432411635437569,89214547
784432415875928064,1416517807
784432416790188032,144206754
784432421504741376,407379983
784432430627319808,710829156624420864
784432438864818176,32705085
784432450046922752,1543635811
784432453582815232,135541389
784432465880449024,16531592
784432484247363584,712349536262479873
784432495236440064,746376769725407233
784432513146118144,3332096123
784432518384656384,344322726
784432527679381508,31807768
784432578887610369,14241527
784432598571360256,3448960215
784432607434010624,568632080
784432644134047745,494366371
784432679500603392,22253744
784432712165621760,71656731
784432722605322240,4255740974
784432727508525056,230450027
784432729228214272,2217314669
784432730394198016,361859989
784432776112025602,3100287020
784432788393037824,1697954779
784432822345797632,240879503
784432845045497856,75556439
784432849847848960,740874799
784432860677758977,2250817146
784432875391377410,745293867851845632
784432879249960960,704565265615364097
784432879069782016,2280896059
784432902469660672,15617796
784432908719173632,298424508
784432910426316800,1837604520
784432913307664384,1048774327
784432939656286210,3137648726
784432946023239680,834270494
784432979435196416,2846868083
784432998783459329,350650434
784433010523406336,32964917
784433014927273984,288506569
784433038356652032,153537164
784433044350496769,55599207
784433046082555904,860066108
784433062385946624,2898666911
784433066999554048,25920303
784433075413393412,162301746
784433093889306624,1360739610
784433133420630016,608947631
784433154136215552,41280377
784433164819267588,37693283
784433171089674241,133850740
784433180975792128,286387059
784433189012041730,105465119
784433200747675648,15046848
784433232615923712,177723828
784433236378345472,705188226827333632
784433238269800450,577768293
784433239016386561,1668043620
784433241910456321,21499306
784433243999395840,895625785
784433255760048128,294918280
784433256057888768,728397638899400704
784433266770190336,708031915685769216
784433279332147201,74214410
784433309216628736,717426144384040960
784433311238254592,14320744
784433342909407232,2680192368
784433343655972864,286387059
784433358352683009,2973332381
784433359917154305,2907576134
784433360970125312,418389641
784433362203058176,728605346810433537
784433363939692544,2503779595
784433379970277378,742015734461517824
784433409934229506,724485083508301824
784433425470005248,728105089743781888
784433427512758272,2949142601
784433433074212864,932756239
784433437906264064,750401139015901184
784433445120409600,704865315335892992
784433446881861632,510
784433458726645760,3082157129
784433465227812864,717338356590321664
784433483464581121,21437751
784433497016504320,776461910275399680
784433508789858304,21729540
784433534995869698,736064322242154496
784433553396215808,2854969384
784433632282673152,2916833592
784433638691790848,2980302816
784433675622617088,829945724
784433680538226689,204534066
784433750444650499,19880131
784433764017573889,1415740147
784433766873833472,1415740147
784433783529365504,4889520335
784433801778847744,268788672
784433803016175616,2250817146
784433805595643908,160351719
784433808669978624,4252685236
784433840534151170,2325841986
784433860821909504,22877450
784433886122037252,19740594
784433891381743616,62835123
784433900265234432,3330295799
784433901079068672,2438858671
784433902865743873,52915990
784433948545916932,769453879306162176
784433950827491328,19740594
784433972566646784,260724365
784433988794540032,4856026475
784433989717078016,15617796
784434014971043840,801872
784434034814357504,4699154774
784434063662723074,126849069
784434064828821504,2789518628
784434080825774080,2563820442
784434081652236288,852011923
784434096361598976,316792267
784434128686948353,712552463174393856
784434147842465792,1195836656
784434169669705728,84523588
784434180931194881,3609635354
784434183787642881,468915949
784434196584411136,82369457
784434228251406336,16847767
784434229887115264,4585351826
784434229903888384,31532083
784434244722450432,129997734
784434264087498752,3886325533
784434265618472962,2975468251
784434273772195841,130644112
784434277047861248,4691014674
784434312204603392,237572596
784434342831489025,205701512
784434353145257984,757989565600858112
784434385424674816,2919901436
784434414734438400,3555339195
784434440353218560,49996174
784434463455444996,133793696
784434477279875072,1281660648
784434480744280064,2536177061
784434486335397892,28912614
784434487392366592,467767056
784434489921593344,211481870
784434541104619520,4817028584
784434548721328128,4315960634
784434568405196800,259490295
784434600638492673,333040588
784434637628059648,723159660522434560
784434641071697921,28687359
784434646801059841,50440593
784434647740452864,4854367371
784434661409845248,316792267
784434669395795968,13735662
784434678283370496,759443240219049984
784434690576887808,969961921
784434690983854080,4822683460
784434722713796608,16253962
784434729189773312,1439084640
784434741143625728,429914633
784434759397175297,4063914814
784434783346622464,57804293
784434800195055616,1920965958
784434812484521985,1415740147
784434814518603776,30587753
784434814665519105,1415740147
784434817546932224,577768293
784434836639547392,3430537311
784434844138733568,759476537078927360
784434848782057473,1360202497
784434869183143936,2545326607
784434879345881088,1284879612
784434887243608064,1779400009
784434917685932033,965122116
784434925101604864,225987819
784434935658455040,3317319301
784434959750668288,759964421443637249
784434963760439300,533074865
784434972996300800,709426128
784434977744322560,2693126209
784434989039484928,769453879306162176
784434997016965121,2523313824
784435014477881344,365808698
784435018277855232,2948246417
784435018982567936,137180260
784435025496399872,370971062
784435053531127808,75437441
784435071583256577,3317319301
784435100708659200,4040155154
784435134745436161,250929070
784435146233643008,703722876
784435151669518336,714617115471425536
784435175744610305,23163280
784435185932644352,1335219288
784435212478402560,3138769552
784435249967206400,15640075
784435278308003840,449912736
784435353700696064,448828305
784435358079586305,119577801
784435367629852672,92201806
784435395371016192,3177025910
784435419727302656,987234162
784435428044656641,704347513378119681
784435436928237568,3824428817
784435438589095937,4512683052
784435445241229312,624190591
784435459757903872,382442347
784435461808881664,4702370438
784435468414820353,1598061848
784435495161868288,739060610852343808
784435495568900096,286387059
784435498500575233,25920303
784435504397811712,96070428
784435506687991808,26117448
784435517026742272,25725812
784435517286813701,230435960
784435530100465664,489125657
784435530398310400,216696903
784435536718999552,3321952723
784435538682007553,299262442
784435544218447874,18204604
784435545900482560,3955451301
784435550497361920,987234162
784435574463614976,708362799907512321
784435579622608896,135940948
784435590964011008,2904546152
784435592541171712,584350121
784435610488545280,22387681
784435638653288449,2599136157
784435652410560512,3914557229
784435651672412160,2484687302
784435658454470656,4864769427
784435668910866432,781174586008150016
784435690394255361,70394965
784435696769597442,17907878
784435706047463424,1084217197
784435724133203970,758468707144327172
784435736254812161,483686823
784435757993889792,260830319
784435775685464064,718091657594421248
784435798758289412,3377728804
784435824775397376,357232722
784435822896513025,55312746
784435855448420353,3025721161
784435855830224896,2372098632
784435881277005824,106611233
784435887174279168,750013392547680258
784435908384788480,2593523417
784435922586767361,77319633
784435936843206657,3419353702
784435999401209856,7892242
784436004488818688,4838520568
784436005608759296,4821423943
784436011069648897,750918449401036800
784436011166228481,53503202
784436016698490880,3257371000
784436016442515456,65943337
784436029818142720,18590142
784436037464551424,264992286
784436041440718848,756903193901162496
784436081148190721,1026625958
784436092682530816,762575421649088512
784436092699279360,1375468501
784436103700811780,67238855
784436128518733824,2253788118
784436146617004033,2576906394
784436151838846976,713976631434432512
784436163520057344,4339881197
784436195182931968,1485140750
784436214636183552,760118387452162049
784436229328613376,2910449941
784436243161501700,324233411
784436244675604481,2177256592
784436278733443072,2282279286
784436298794799105,467152057
784436304729681920,47683059
784436307288174592,701980124443357184
784436345926250496,30362607
784436371515580416,560458244
784436411067830272,703069843906400256
784436443515006976,1325980188
784436464381812736,766484136244744192
784436548410470409,225516033
784436552235642880,3759483443
784436568643792896,4867070105
784436575262285825,32452622
784436579267784704,28927073
784436578806435840,840188797
784436586024886272,783409566885089280
784436614994993153,238055499
784436627581964289,30491590
784436641482043392,2253788118
784436661958639617,3766254975
784436663737020416,2275671929
784436671521624065,768267059495071744
784436683966119936,68562978
784436686612684801,769025252
784436695651454976,4805740854
784436725103800320,253397577
784436733924507648,4828528100
784436763137675264,2369654078
784436786902732801,725810538723205120
784436804510445568,712552463174393856
784436811145764864,10985382
784436823166640128,714225595450654720
784436826018689024,20634939
784436855072620544,18784525
784436908248162304,2949142601
784436918532444162,2908802365
784436920185008129,3733874901
784436932721856513,2400634020
784436938698784768,75169386
784436953890426882,210102940
784436972454551552,1419186452
784436972206956544,1349827549
784436986949963776,28034749
784437017165697024,3291910059
