783679103060762624,1281620701
783679109893271553,4580501190
783679112145698817,335353868
783679115391926272,3277943083
783679119196250112,48223373
783679233230987264,3679531575
783679253015433216,702894180889026560
783679269754986497,708447274884538369
783679297265340417,605963171
783679300058787840,2376185485
783679309395300352,1541614626
783679315271684096,1339231771
783679319654531072,569487350
783679335496503296,4003208243
783679344866529281,605963171
783679376009199616,2868389650
783679378639028224,45143254
783679396800557056,706835581561651200
783679402488070144,2973607767
783679416950030336,2437517994
783679419479101440,701883319667990528
783679421005848576,38971292
783679423367172097,166219539
783679427985014784,1719149316
783679429134299136,1719149316
783679435375570945,3989262431
783679436096888834,4821206233
783679442937753601,534903573
783679447866236928,1397549442
783679449099333632,723114546278207488
783679458809155584,28098589
783679486625734656,763377489443971072
783679499875389441,4822891294
783679503826427905,21690687
783679503897923585,564215289
783679504854224896,17885859
783679505873403904,21690687
783679515532922880,2148084866
783679519727165440,542989827
783679528128253952,17123611
783679540442849280,345712976
783679541520769024,720219959998201856
783679543441752064,605750680
783679551712796672,2663832330
783679560869113857,906473184
783679607350321152,3899269515
783679616502239232,2491964094
783679620579078144,2181188602
783679632390381569,927899816
783679641622044672,3950598676
783679662824103936,4821206233
783679668239134720,2244024204
783679673439924224,17885227
783679676904378368,390910877
783679711184650240,223148638
783679720491741193,737113691460624384
783679742419402752,19537128
783679745800056832,864139111
783679754989735936,2279954815
783679755275083776,14886787
783679767350345732,2332743042
783679796811145217,1149407934
783679823117889538,1342089816
783679826808938496,356973774
783679827291373568,2949142601
783679839584649216,836983704
783679851517534208,2854323813
783679854608801792,330802969
783679856391389184,780096605252751360
783679874401656832,758033058092060672
783679876813422592,15814859
783679889186562049,25782041
783679903271124992,4348991429
783679903715557378,750918449401036800
783679936150183936,800478360
783679944207405057,1373468185
783679951660724226,425988602
783679975933247488,4017674240
783679996007030785,2693612778
783680005004025856,759964421443637249
783680020170416129,51786528
783680050944102400,2479879531
783680053213290496,80626778
783680058095464449,785144570
783680080757329921,113211191
783680086184693761,25315546
783680087950364673,2345671772
783680091024789504,16135462
783680112415866880,2179825436
783680117285400576,2571342366
783680124327559172,14076171
783680137279614976,328325681
783680142711271424,3142736154
783680213687242752,2573590074
783680220343640064,747464891766759424
783680225758642176,1554428840
783680226463145985,763152681107980288
783680279173009408,21853351
783680293970534400,25517844
783680298869370883,731197958750769152
783680300303822848,771437539794137088
783680308944265216,728255524303740928
783680332889362433,4709165706
783680334948868096,704094609555652609
783680344839036929,2506247172
783680384277942272,14522241
783680395669889025,101035031
783680403676794881,3404287071
783680404091838465,800478360
783680411243155456,1607428195
783680414821081096,27266633
783680465685340160,3229310961
783680476087279621,513996411
783680487235592192,2308490190
783680491064926208,459292972
783680528935378945,466910067
783680549881688065,30772367
783680560598163456,4434707232
783680573311184896,2924327303
783680577316720641,209103227
783680578465824769,377763356
783680585155743745,535025202
783680592206368768,725138141041057792
783680610984353792,1692698684
783680620887105537,9688782
783680697374347264,26947929
783680721588195329,387149530
783680727908913152,3035175182
783680730840915968,613833303
783680737987944448,728337031827357696
783680761396289536,758468707144327172
783680762964869120,48100522
783680764428845056,76639716
783680802613817344,14933918
783680805734346752,229743980
783680815523778568,756128387937120257
783680815469322242,3424489361
783680818614931456,202367059
783680848839278592,4778460802
783680859870113792,2725202430
783680874009260032,768274184992460800
783680886332096512,2181254481
783680892904407040,63796576
783680898256424960,535025202
783680961582026752,781224578890604544
783680964736065536,2396867761
783681026090500096,273788595
783681031421431808,721917289638076416
783681047020105728,710979399684898816
783681052480987136,20435808
783681053106040832,370882820
783681055156867073,846563546
783681055374966784,717080381153894400
783681058235486208,3239124114
783681058122366976,1894404925
783681080897466368,700693962798067712
783681154339569665,260541103
783681214972588033,88063821
783681229795102723,700470686444224513
783681251232276481,758976981404823552
783681256676622336,52119056
783681262183600128,27025905
783681320983654400,221574777
783681327723716609,48215218
783681331045818368,4864171883
783681333440684032,335742453
783681363278868480,726137975264825345
783681383520763904,1368289938
783681399714754560,2211112023
783681405943422976,4864171883
783681430853394432,3600045083
783681441867587585,1389391634
783681446837792768,455444298
783681469877194752,60245162
783681475124178944,1206885618
783681481243635713,382234749
783681517306257408,355151947
783681518442905600,2725202430
783681553125740544,950793902
783681569097744384,4879865781
783681576295030785,3496653913
783681591218438144,489335610
783681601007783936,91632753
783681660298592256,331373838
783681685447553024,2848049341
783681691185479680,16604074
783681699355897856,416729595
783681718951837696,209011807
783681738434158596,885463688
783681769576894465,466910067
783681798974824452,780533410414465025
783681808768573440,710183821120020481
783681813533323264,760863213483327489
783681851026083840,1596234775
783681856910655488,2944173472
783681863130972161,14464961
783681864854712320,46522067
783681891933315074,272410390
783681907657674752,25437536
783681916847419392,3364589120
783681925537894400,254566067
783681934601940992,2795216327
783681937802039297,1109981646
783681965060788227,202367059
783682007830114304,46331824
783682014734147584,380423912
783682018576072704,2436994749
783682018332774401,466135190
783682044521885696,14494756
783682057948041216,1947801757
783682065099218944,1626389852
783682148486131712,4576003278
783682152126746624,3255427226
783682156908470272,2331266245
783682157738721280,282355995
783682163409559552,971364026
783682187501658116,2771575558
783682238441336833,1292006972
783682251967963136,309267802
783682269554835456,14898472
783682284054511617,712310602585280512
783682286252425216,635597910
783682311254528000,728629238161547264
783682315922833409,963011251
783682319303397377,898620354
783682322067550208,898620354
783682397531504640,329243385
783682398928179200,613809906
783682404997148672,2297125818
783682412689645568,20533893
783682417315971072,175753471
783682433090584576,757499077781098496
783682467844816896,2561555594
783682484785467393,3078719486
783682527982596097,98722412
783682530201317376,2848603513
783682572991787008,3129582658
783682609293488129,2189730625
783682648992387075,4163792778
783682682962051073,1031086644
783682700100136960,1723081578
783682706764861440,146837610
783682741954936832,149330872
783682757713092609,323933294
783682769218105344,3696958702
783682769394294788,1536344082
783682769465597952,361891494
783682769255882752,362490837
783682780928548864,706583253205909504
783682788042170368,3408036279
783682801744814081,16816920
783682804802551812,731052471502708737
783682818073305088,175315245
783682820459737088,194272236
783682834821242880,3291381470
783682881046523905,2579327835
783682882816577536,2885331590
783682885827964928,552394381
783682902605398016,245799603
783682903897178112,18204002
783682967952502784,1935974468
783682973988114437,403622166
783682977960046596,326048983
783682998977691648,250397837
783683008884838401,757268546682494976
783683026005987329,616988292
783683067856715777,753999566
783683071505596417,21998032
783683073057681408,26919151
783683115030048768,734753406
783683134411968512,32934998
783683138455236608,367750490
783683156444585984,272374050
783683159342788608,2369605644
783683162450694145,4613818034
783683167005741057,305881772
783683167895056384,387277416
783683177508462592,387321550
783683178636640256,28244536
783683179555074050,3284503578
783683187847360513,272418086
783683198291095552,1400514948
783683199071350784,387286612
783683217710845953,387878255
783683219333980161,272410390
783683232889962496,986794992
783683238879461376,3325022811
783683239949074433,383502182
783683257049067520,2930572172
783683260782043136,1411706700
783683261612470272,272202889
783683262808023040,768514130
783683272094068738,113884188
783683280407101441,476414283
783683281665622016,387312243
783683302586671104,2458817972
783683304377679872,387301120
783683308911820800,713492848335839232
783683313387044864,419882839
783683336233287680,753668889712570369
783683337709846528,272290437
783683342357127168,272497729
783683355183288320,272259199
783683361831256064,759683211194667008
783683366377840641,729385700869611520
783683370567933953,498505008
783683374263263232,272449775
783683387060092929,272419721
783683390880874496,2605156839
783683405670146049,272378779
783683441233653760,3540252020
783683444156928000,480914593
783683450360344576,81380174
783683453040689153,344514301
783683464574799872,753668889712570369
783683464570687488,2198012756
783683467573809152,276892752
783683477032013830,25866804
783683494811541504,307424065
783683499010105345,159598258
783683499408691200,38262715
783683515040792576,585847583
783683524490518529,449597093
783683539741048833,15172502
783683568161533954,4760869454
783683571714297857,15256077
783683577011580928,20044440
783683578853003265,3025267625
783683581520601088,23394247
783683587484839937,3067050490
783683593092599809,74566247
783683609345400832,611654080
783683630895865857,286723230
783683633047605248,18382395
783683635941695492,3305977777
783683639297073153,766257948150628352
783683649895997440,4735176079
783683654530760704,61318757
783683681286234112,121459134
783683688768745472,624531763
783683714848952320,264268489
783683729956843520,709451112739262465
783683758289399808,26837088
783683762852728832,192179675
783683762416680960,341862419
783683792557006848,621359972
783683792737304576,743176740827070465
783683794645561344,58847621
783683807249567744,771713769839980544
783683835443580928,11332012
783683840703291392,17012039
783683852153810944,555809663
783683861800751105,247594111
783683908428767234,707063709
783683920847998976,755057200901398528
783683944197730304,4839403219
783683972534370305,81380174
783683979337621505,42729835
783683979325022208,103921167
783683980872802304,733733770680016901
783683984869982208,3396688756
783683989634678784,2291418991
783683990507122688,718655199406080000
783683990364577792,767779398409936896
783684018122260480,3290631534
783684019950981120,457754229
783684033674776576,521860025
783684040700211201,51265573
783684057913700353,20430247
783684059293634560,769006156215754752
783684076389568514,3048591134
783684081498324992,728650543510519808
783684085734453250,331917597
783684088171335680,11182582
783684090490793984,2355884125
783684094815182848,381297175
783684098657320961,1138438722
783684102041907200,751482605334241280
783684108706865157,200155578
783684115967057920,20336244
783684123344773120,328388476
783684129300680704,44760383
783684143460806656,255561451
783684147793375232,25661441
783684218962350080,620299632
783684220065579008,531611231
783684234598817792,955786028
783684241079099392,4779099726
783684243889225728,776418872438251520
783684278991323137,16214678
783684285811138560,479759762
783684301686644738,469105325
783684302647144451,37689666
783684315024465921,456329138
783684322238881792,356973774
783684332934213632,759790795339685888
783684337338155008,496241794
783684349933785088,2292743989
783684366560026624,835827074
783684367033827328,149984992
783684373346414592,719721749877821441
783684375686897664,796121664
783684393881640960,3086932586
783684399103520768,3825590651
783684402849001472,533409857
783684407743750144,1033252099
783684426744160257,27267400
783684440497197056,19308735
783684443064020993,1670936288
783684467965632513,3290881694
783684474856886273,70209480
783684485598576640,796121664
783684505232035840,49181951
783684507459215360,769981852211879938
783684531173806080,15411151
783684535007543296,15411151
783684557291741184,3423950230
783684558017343488,764651578779250688
783684564837212160,15411151
783684567492399104,15411151
783684583942270976,2474891379
783684586916110337,779370140693467137
783684597628362752,769981852211879938
783684621959593984,705110007931674625
783684635578408960,355151947
783684670487756801,4583235467
783684702607671296,65251808
783684708718653440,2808627229
783684722065084416,16251461
783684726372438016,3691110204
783684727072927745,20563532
783684728872243200,139172366
783684735889469440,376716497
783684749957197824,2937212337
783684751475564544,21368238
783684758731563009,1887480182
783684770714705920,707298116366692353
783684784564211712,181762073
783684804675969024,3285996325
783684845167837184,1670936288
783684879548555264,2698644240
783684915934224384,1251149090
783684926151340032,3286809781
783684976365670401,1087226053
783684991226032128,418916571
783684998125596674,549796174
783685005218152448,4827194911
783685010058514433,513897240
783685013967515648,15500762
783685037581602816,38262715
783685044384567296,927071516
783685049002622976,3050029817
783685075753807873,73858715
783685077838467072,4266990442
783685095899226113,703264025010954240
783685098969243648,1400514948
783685119626317824,23028288
783685123443011585,771703909085741056
783685130107977728,1278717012
783685137179389952,3742895352
783685137204555777,764145946791809025
783685158738198528,33930479
783685163574235136,370448731
783685166841597952,4251339195
783685174282158080,1342089816
783685175179878401,132999163
783685186764541953,883245326
783685195132121090,972549145
783685220235038723,728078713011605505
783685222885912576,19192629
783685235603042305,394782575
783685276006625280,14962178
783685284474957824,139032291
783685312207650816,2802682413
783685347288944640,3185264267
783685352577912833,187331165
783685365022482432,388005713
783685382822998016,4292539453
783685465257889792,26023096
783685472866471937,852011923
783685474556665856,17099193
783685476381097984,608328568
783685504197734400,187331165
783685561970139138,714949505720823808
783685573408153600,2445287439
783685633503920128,187331165
783685706224902144,16155881
783685724327579648,2212677454
783685741972975616,35727968
783685755373617152,22043275
783685759547084800,832516886
783685778283044865,723175496
783685788349399041,3287108665
783685816275103744,4843768395
783685826693648384,1089785942
783685827100495872,64619482
783685848999030784,68166416
783685863888687105,270075508
783685866317160448,96600282
783685868745732100,513828239
783685883069341697,621539113
783685893651439616,702530571734351872
783685903013339136,24813872
783685908197285890,704156453
783685912953749505,3515882301
783685933652582402,2368296895
783685951981662208,259378286
783686031400984576,1909764294
783686058647121920,775103256599097344
783686076972097536,476897237
783686080398852096,23745304
783686092679708672,3772895061
783686095368323072,587783109
783686105656881152,2387648143
783686107213029376,3034424365
783686155241820160,340512594
783686161504010240,709424262604570624
783686195335364609,159135077
783686199944830976,273010368
783686260548251652,888964189
783686262054084612,20231803
783686270920691712,3045403418
783686273609396224,354440308
783686282002124800,17123583
783686296032063488,2202449450
783686308732375042,487769182
783686314805854209,37752340
783686371147935744,705110007931674625
783686375442788352,21677872
783686376944496644,422844657
783686392702394368,770714076917870592
783686406367383552,32483486
783686439200559104,54153498
783686446506995716,705450758490218496
783686447530405888,2218437631
783686454249660416,2424564421
783686460646035456,79009170
783686470980644864,768848067097354240
783686516585467904,34342825
783686517398966277,220725366
783686518569209856,759896588814802945
783686562949259264,51156482
783686572524711936,754567562504142848
783686582565941248,2462473820
783686585132867584,758690039308091393
783686586877644800,4831603043
783686588702138369,751963872899305472
783686586936365057,782419913306673153
783686595048185856,2508865969
783686595471781888,759317433345769472
783686601268264960,318491039
783686603931807744,239467440
783686637205106688,4454921664
783686650673172483,301890093
783686652015284225,4739845481
783686677193633794,2802845137
783686677898399744,2869886445
783686680674836480,232337025
783686698395807744,3630878174
783686710714662912,64243934
783686725717659648,440397145
783686765617872896,3252404167
783686766431612928,379881401
783686788074315776,4557541063
783686803978985473,1266056431
783686828452900864,696417743155961864
783686843288084480,754781228960616448
783686878268620801,29317239
783686884224405504,96133244
783686900536053760,2380910684
783686910153596928,706186365919080448
783686910569025536,1900294686
783686932836585472,733467898761482242
783686932517752836,35071910
783686934228897792,138507399
783686935348965376,23604785
783686989946249216,998669742
783686992567599104,743609583248281602
783687006882762753,4854074116
783687007780220928,746522589724475392
783687009105838080,842591886
783687013459525632,741212609354039296
783687029490155520,559473160
783687030949552128,2477686087
783687045495394306,273691052
783687049983299586,3890345237
783687103141904386,526610167
783687104912060416,1345827078
783687106841415680,1235661325
783687138701373440,2980379628
783687142841065474,23730301
783687152546746368,295824553
783687168380121090,3308252306
783687177922342912,390499415
783687181797773312,4306318573
783687182754033665,1104061369
783687198184923137,2297125818
783687199091032064,782791275183472640
783687201645293569,278737142
783687238488035328,153905262
783687271710982145,2227726056
783687304439136256,485377321
783687318553198592,3817413628
783687332331417600,2820971979
783687385427107840,2884079135
783687392553111552,714975429476675585
783687400081895424,130344773
783687478393712640,2658891288
783687482885812224,83951985
783687487080333312,29900310
783687491333287937,753631715516710912
783687522153066496,723561295706873856
783687524694786048,61236989
783687565073317888,842365333
783687577668767745,3309931105
783687599122685952,886712215
783687632316305409,2464887805
783687643548778496,21530867
783687656421064704,4822905011
783687659382312960,4266990442
783687670920777730,278809527
783687681280729088,255584407
783687699446108160,1955657004
783687699773419520,365764168
783687721575256065,2801177472
783687741133303812,720702341633019904
783687772070699012,991598462
783687797546754048,2991153401
783687798557642752,4615489102
783687831894036480,146262720
783687889263529984,2827605076
783687902563893248,704138905566781440
783687924898377728,21622300
783687927666712577,3156705035
783687933135958018,780545209843093504
783687957584556032,116858574
783687989339758592,312964185
783688004950896640,22281119
783688028103421952,725055922813460480
783688040862527488,1226502416
783688056767414272,16134535
783688117081477120,959405664
783688118092169216,1406934018
783688123423129600,569753325
783688124408827904,231231391
783688125121978369,342094376
783688170592473088,316282893
783688244529500160,780847284309241856
783688253991825408,268632475
783688259515715584,2530520976
783688295075213312,743609583248281602
783688332123316224,72380903
783688336875655169,245637898
783688384564883456,74287786
783688408187150336,2971753953
783688411446149120,627227732
783688448326692864,529641301
783688467788263424,246339500
783688512851746816,720301514
783688522758774784,754822052457041920
783688534850883584,3298609686
783688539246587904,490817739
783688551506571268,2209914413
783688566819794944,313381710
783688571974737920,456137974
783688572880629762,2773928897
783688577892745216,569589460
783688578937200641,112183891
783688628207624192,12301832
783688666107432960,720471341233790976
783688675234287616,3239940652
783688678388359169,3317319301
783688687947087885,716743071883341824
783688702786609156,178456413
783688711812837376,377556601
783688740791287808,2168933815
783688746663305223,398329870
783688749112696837,748350314894417920
783688750228443137,38987045
783688802988617728,705217385066848256
783688813474217984,2252436992
783688823301545985,706792464506458112
783688824840937473,414873684
783688874770006016,703637991168737282
783688884760743936,701635010432999426
783688907749625857,4272749484
783688911264546816,2386977031
783688912594141184,1073878735
783688927106301952,24702075
783688927580422145,898837152
783688940096217088,540348443
783688952578310144,4251850093
783688954709245952,2229483438
783688964938936321,744950188557615104
783688989010112513,4012710749
783689010598203393,260826814
783689012301205504,633503400
783689025701998592,442129713
783689030928072705,742791807143170048
783689081427341312,706955785280983040
783689097072095232,427791291
783689101484625921,135247359
783689139841413121,31382312
783689159525404672,180242642
783689161903599616,3322642872
783689163996409856,741267332316553216
783689169012916224,2487102807
783689171034484737,2394771566
783689172850651136,35252397
783689184292646913,1018447705
783689193922977793,3074535201
783689196343009280,75093019
783689207290138624,328686317
783689216924405764,274684085
783689288034689024,2884079135
783689312579846144,102551904
783689322012684289,3297257181
783689353788731392,2894256669
783689358326894610,2479719029
783689371442671616,783498861809586176
783689372432371712,726139165956427776
783689385183031301,31513523
783689406091763713,752159830605983744
783689443689504768,2447290136
783689447078436865,845325566
783689452409409536,110538703
783689454422790144,3233745299
783689490225176578,1368441913
783689493278777345,226036998
783689507845447680,759062909561495552
783689509338611714,707830806144622592
783689547754434560,166426753
783689548547121156,1153932745
783689567673077761,1549532077
783689570156154880,272483140
783689577299050496,743159376404430848
783689578913882117,272497037
783689587847757828,272441037
783689598782304256,272280958
783689610736066561,272302861
783689625516769281,387276956
783689635905933312,21904231
783689646152753152,272531465
783689646400155648,75094316
783689654751158276,2692125771
783689666461437952,16469505
783689689354104833,706632152922898433
783689798238236672,15869464
783689810867200000,1939212224
783689815334252546,3062173249
783689822766452736,4408482973
783689837794721792,1411633885
783689840273584129,2347832648
783689876285825024,3046637238
783689877271433216,60841112
783689893364977664,47193058
783689895835381761,401657173
783689919772393472,2850722943
783689928211214337,2430626287
783689936914350080,703568996851777536
783689962306703361,706585866714517505
783689996947496961,21136403
783690012231479296,1928655258
783690019798192129,3052137385
783690023174410240,903922142
783690036436926464,16282576
783690042959093761,146566275
783690058343723009,2151953562
783690060893868034,527994036
783690072201854976,1205012060
783690136567574528,2164770253
783690141965557760,380227478
783690161636900864,2230431588
783690165701189632,2872543355
783690173964050432,3492855441
783690178778935296,780648553743908864
783690197292638208,768848067097354240
783690199654014976,4510289232
783690247431413760,4149372904
783690251336228865,2182733982
783690301361848320,898870254
783690396132081666,54658845
783690408677093376,221475570
783690460527071232,510609255
783690467947012096,743159376404430848
783690488276594688,21789755
783690512024776704,617704944
783690515396997120,110538703
783690504034717696,10708
783690565430939649,3875143047
783690602009403393,4851007693
783690628521689089,705217385066848256
783690644451565569,750723942474735616
783690682636509189,121171999
783690709576454144,23712980
783690710822195200,597006081
783690713628147712,128739038
783690726144151552,164429187
783690728333463552,749715146725994496
783690766887493632,9376622
783690775943151616,1561468860
783690782989508608,1106777071
783690794192384001,26639434
783690801247297536,2229483438
783690835715993600,284955639
783690837259583488,178026053
783690850182111232,788462102
783690856540889089,774518540275703808
783690859887951872,2181088816
783690898404106240,16267084
783690899700277252,389612610
783690917152591872,149283816
783690929915895808,796121664
783690960190537728,250629984
783690962828689408,763377707031863296
783690982357204996,817652
783690986014797824,535079024
783691076825743360,1488864481
783691083536564224,37180472
783691101656023046,1897239480
783691156530032640,159097782
783691184946294784,2712188282
783691209101479936,1317386574
783691218135949312,718641219597783040
783691241108144128,583117972
783691245738561536,860747010
783691246346862592,428634333
783691259638611968,46584707
783691283210473473,703832021957619712
783691288071634944,466910067
783691296603049984,36464682
783691314328109056,1190619092
783691335492591616,2875866962
783691381147521024,713035300600066049
783691383085334528,24413356
783691390534377472,774518540275703808
783691391037833216,97792916
783691393063653376,159097782
783691404967043072,763718045227507712
783691411149377536,1729092451
783691421706575872,2786494571
783691438437437440,796121664
783691439230156800,885689898
783691442510241792,90182089
783691465310416896,512465557
783691469768921089,378321466
783691475481526272,1475664978
783691482884558849,2387854418
783691482809204736,2901907193
783691486512676864,491850402
783691561997520896,754733547970301953
783691580456603648,459292972
783691585858908160,3853851673
783691596088774656,1164705565
783691600249688064,712755282942697473
783691601319227393,262312552
783691601709236224,2483046453
783691624475877376,702991518420885505
783691640128966656,2569498426
783691649696366592,384291112
783691658827272193,32151367
783691669765926913,370365178
783691673658273792,3282761569
783691707166711808,373331421
783691716943458306,129235890
783691725537701888,16490090
783691730461818880,4755963749
783691757191999488,3230853392
783691765135974401,741393440856903681
783691766201331713,433503807
783691775563005956,611807352
783691781972066305,3314818664
783691820945383424,4817119207
783691827987742720,450364376
783691842751717376,23394247
783691859675742208,720381947155976192
783691876549337089,741355418539040768
783691885084811264,39152178
783691919142457344,265039705
783691923194163200,2316341832
783691923315757057,1148372244
783691926507618304,147591119
783691939073830912,1670936288
783691971110006784,3745113197
783691976633831425,18553881
783691984678506496,2757349703
783691984649191424,25321487
783691990789713920,27452007
783692000289705984,801038802
783692021139644416,3323281607
783692024218255360,24134004
783692036125945856,223719518
783692041184169984,775162113291538432
783692044900241408,991529810
783692081319383041,263723039
783692085924802560,1428245454
783692109555519490,16026053
783692112353173504,16026053
783692119500140544,2600578123
783692138592755712,730273710310096896
783692144091340801,459292972
783692169538252801,158007214
783692176140210176,2966503372
783692200794218496,129235890
783692208255885312,38616611
783692225477767172,33381229
783692235837575168,1512422664
783692237741826048,20634939
783692239717470210,2369104269
783692268867682304,3006600919
783692274420977664,205675351
783692283795255296,328388476
783692301684047873,3081658941
783692313910513664,1383905040
783692336920268800,1905590354
783692370093101057,2159700409
783692388917137408,2263915862
783692392452939776,752554272433188864
783692394176720896,253206881
783692417773875200,149016161
783692420592508929,1599562578
783692474015285249,459292972
783692483930619904,2952918416
783692550049636352,16650973
783692561080733696,722326109715623937
783692564188626944,58217999
783692602088361984,2908338919
783692614281355265,881073721
783692615707271168,328388476
783692657583386624,734168839735349248
783692680274423808,4091708418
783692680521928704,2437322150
783692705088012288,704060092065423361
783692721860947968,123628682
783692721961566208,1400514948
783692733030465536,88021346
783692744640299009,41900220
783692767998377984,1889049655
783692779553566720,4498771938
783692781080371200,4182380774
783692813464547328,2985012328
783692820674514944,36136960
783692849678123008,719283382710984704
783692865671135232,725668283190534144
783692871346089984,1190619092
783692874370125824,111489288
783692877603872769,1860845568
783692878459482112,3800043494
783692884004319232,19205852
783692894859239426,1499242736
783692909627502595,216385540
783692952576995328,725138141041057792
783692966015545344,124399236
783692970746871810,95697038
783692994176282628,620245426
783693003919548416,764586973352763392
783693023351889920,25907240
783693039709655040,25907240
783693046986792960,33635506
783693053034844160,9509682
783693094805909508,2402473400
783693097532260352,722832280352374784
783693147792605185,22046875
783693164653576192,2218006742
783693165911953408,765962124837486592
783693191879024645,600565816
783693246476148745,2959182964
783693249059758081,727179975254667265
783693263945420802,760815292310130688
783693275479891969,1085411936
783693296103153664,2980539141
783693325631102976,706583253205909504
783693353552609280,99116575
783693370845761536,59085146
783693374939238402,2950103415
783693395239792640,3237317506
783693403309510656,2351094276
783693439435100161,718837051727056897
783693441368596482,17040633
783693450457776128,2281349545
783693461690064896,294918280
783693463648952320,751242415911075840
783693477192294400,181039844
783693501724823553,726788143
783693503914213377,373331421
783693509001904128,1115142662
783693527188402176,709424262604570624
783693541398683648,276532187
783693556544253953,363835658
783693569026580480,743568890
783693572168159237,254708177
783693619513335808,16378395
783693621212028929,1955466594
783693646528909312,90182089
783693651620671488,4885049127
783693665273122816,66906784
783693691458162689,59849033
783693703726587904,62619006
783693704221585408,1889049655
783693724769513472,760823333730471936
783693736681156608,40788228
783693753479524354,4182688875
783693757506002945,1733257164
783693787801321472,617619927
783693830218473473,123308985
783693834022780928,258428285
783693847930953728,767827217787211776
783693883507027969,275723478
783693887512649732,582414063
783693897742581760,307688075
783693910438584323,12247162
783693923667611649,4847157879
783693925668179968,2183324798
783693954038558720,3227484185
783693981867712513,1306610240
783693982303916033,935266471
783693996568768512,751242415911075840
783693998028386304,760098153307701250
783694012293091328,3147178391
783694034644721664,536525546
783694035433103361,2565303782
783694055410544641,514592580
783694056442384384,2389216614
783694079121092608,3628257623
783694085622226944,28009377
783694086565789696,2565303782
783694089195696129,2218006742
783694107407360001,23712980
783694149069508608,2492877258
783694162939883520,855379694
783694164567306241,2750331580
783694167343902720,2332743042
783694185387786240,1205138478
783694185937461248,28009377
783694189225705472,849174812
783694191117205504,778851015600648192
783694205080272896,864912409
783694223002533890,4321479202
783694224881426432,109904017
783694228039798784,747219565327745024
783694237170823168,1849839132
783694255483224064,1849839132
783694256758218753,21416153
783694258247262208,4739845481
783694278048550913,1849839132
783694289796788224,1849839132
783694306850795520,2740201359
783694319626485761,52399728
783694338974887936,92201806
783694345979387904,775374224034783232
783694376333479937,294918280
783694397183553536,912359486
783694429173391361,2739781664
783694429882159104,78192372
783694436278468608,2914600875
783694436744114176,2179916998
783694480478244864,4064495171
783694488480862212,2565303782
783694499226804228,2356944679
783694501512556544,708789388969259008
783694524132397056,62619006
783694524740673537,347676165
783694546605527040,17997668
783694552225882112,459292972
783694565140209665,610585263
783694568126615552,1897239480
783694575391150080,120651708
783694585943822336,146310758
783694594290642944,608387419
783694600120705028,1897239480
783694608081518597,90753037
783694608374964224,43577172
783694623721959425,4659513317
783694628096581632,751937333600014336
783694629573197828,1897239480
783694638699913220,912359486
783694641933783040,3230978769
783694645867884544,4697374993
783694649345146880,520388961
783694658639716353,1897239480
783694659839295488,334882617
783694670236876800,81842188
783694674070339584,4827194911
783694674133446656,81842188
783694685818671106,2316341832
783694685944549376,64605946
783694687924355072,1897239480
783694694702194689,732681446444433408
783694713412947968,776056153713287168
783694713345957888,1897239480
783694721889828864,308750887
783694733222682624,2907575528
783694759235760128,4465911554
783694759474896896,2937367180
783694766919868416,2302317949
783694776356839424,284727715
783694785341038592,2450201281
783694802093309953,2450201281
783694812960686080,2269099820
783694816802639872,225702191
783694825014964224,4437032120
783694833512751104,1897239480
783694839623786497,503167978
783694842605993985,729393417583788033
783694844241870848,275765160
783694844765966336,334555988
783694878161068033,52991977
783694891201073152,3228692530
783694898331607041,4627478657
783694903461175296,14551462
783694910402752512,91378467
783694918933942272,241299236
783694924315176960,737822032818110464
783694943248322560,760160365535698944
783694959975161856,701210134412787712
783694977226436611,713688779
783694979466092544,195070336
783694985321287680,750371862220115969
783695014438240256,770486253489905664
783695027952160768,77499983
783695028887494657,747838822373695488
783695065122209792,2331065239
783695085216993280,954690494
783695131971031040,3950694159
783695136643551232,3949725369
783695150212087808,77244409
783695150992220160,306280295
783695214523416576,716277183
783695218830876673,81407054
783695246148284416,2787510601
783695247146520576,606625769
783695270043320320,207015756
783695272052400128,4064495171
783695272077582336,3624602175
783695304046489601,1317337987
783695304596025344,4064495171
783695308580675584,4861988838
783695311021539329,2894533766
783695318101561344,214318834
783695343208767488,463555515
783695349261094912,90286882
783695369234374657,1143896438
783695378285748225,49031157
783695401668841472,898923308
783695416223145985,316690275
783695429972230144,791893795
783695438633312256,808140816
783695443570065408,75503
783695449387524096,437993861
783695472057659392,41911874
783695485639032833,615960667
783695493096439808,3329715436
783695538357055488,51510721
783695572561760256,3351359525
783695580887482368,3424489361
783695625753944065,3396384184
783695632896843776,26869660
783695641134395392,3424489361
783695656208756736,623444777
783695661711564800,51788651
783695674248339457,4687760371
783695686483210240,533358812
783695733224411136,755808822506041344
783695745983647744,40614984
783695748411957249,231664607
783695757471801346,1195556604
783695773049491456,747034257453780992
783695787783966720,1608321360
783695800752680965,252629056
783695801176522753,1058912070
783695828565172224,779563097237303296
783695837209636864,4910014602
783695837209690112,1392759961
783695848743907328,59849033
783695860391636993,3424489361
783695872349573120,2668286088
783695876518805504,381308128
783695884131315713,162301746
783695891244912647,1733257164
783695896517054464,2545621573
783695910261755904,3277176223
783695913059352577,4831537214
783695919048863745,278075960
783695918822555648,231076439
783695925566930944,720933708
783695932919427072,73678167
783695938808377345,551570231
783695939928137728,755336506202529793
783695953509421057,180808097
783695956382392321,47554499
783695969955287041,754435896305475584
783695985495212033,757774217009991681
783695987000811520,464215072
783695987634155520,226772224
783695995674648576,711754742829944834
783696001336942592,241580028
783696004067491840,20942763
783696026334957568,101786607
783696030323716096,705281954170556417
783696033293271041,47162570
783696057028911104,3363294490
783696083977252864,550691160
783696091489275904,53309297
783696095536881664,93067638
783696105678733312,716796206823780353
783696108820176896,728354872454582272
783696119629017088,207015756
783696133939802112,33270656
783696140231254016,760181590056116224
783696190923612161,46522067
783696217184153601,3379313458
783696224096583680,776506549246185473
783696235060301824,3307295642
783696246674292737,111997128
783696248746409985,36473243
783696252873674752,3387923524
783696274386063360,712061448009216005
783696278521774080,734062356339302400
783696290563690496,748859969777332225
783696292669222913,3198273321
783696306845814784,4384644559
783696317637885952,790501219
783696327494537218,2722800902
783696334050123776,761295559885922304
783696337921507328,575889548
783696347278958592,2247799814
783696367990562816,636719366
783696370020470784,24362156
783696370469183488,1128934440
783696374088949761,2737210128
783696391977766912,173831487
783696394943139840,279209850
783696402039787520,2975187827
783696406410387460,2565762389
783696414584942592,760815292310130688
783696418422784001,93067638
783696446511984641,49031157
783696446914699264,942258816
783696446939729921,776508632263385088
783696467596894208,465985682
783696471992303616,710553234654367744
783696491709800448,14125226
783696495782551552,2749225968
783696496155820033,783446959688392704
783696498605297664,750881078693531649
783696503709851648,465030496
783696505186189313,1315033298
783696509107712000,756257489520173056
783696518117101568,781588204793188352
783696521711669249,761670391
783696550103027712,2434294310
783696564489453568,2744900304
783696570277568516,2754587186
783696587239272452,3750347244
783696602657533953,386215505
783696609561280512,2895412363
783696612539310080,2398300866
783696623645974528,780539987758493696
783696625025691650,61399101
783696628737712128,756604271475486725
783696637713608706,193435970
783696644122480640,564565489
783696647985520640,329204646
783696651152191492,2718261581
783696653249306625,568178203
783696660102799360,1577789274
783696686594023425,399745111
783696690045788160,227827584
783696691472003072,307688075
783696693825040384,2492877258
783696696467390467,3085868517
783696717480878080,613798611
783696728096645120,1577789274
783696776263966721,4779482532
783696838876553217,12004852
783696840281776128,890419434
783696847881797633,40783447
783696849966211072,100949009
783696857666957313,1935871722
783696865812320256,3004517593
783696885064175616,207947028
783696892668612608,1184494045
783696900176437248,750401139015901184
783696917733662720,4801111393
783696981772214273,634292104
783696983038885892,439808744
783696991335354368,722589401822470144
783696999078068224,3430693192
783697002219528196,311212745
783697008632750080,22707143
783697016517976064,125707688
783697037640421376,22926664
783697041985712128,3379313458
783697047908147200,2933562284
783697054421880832,308327933
783697065037758464,2229149202
783697074571411457,3421316315
783697079541592064,16980327
783697082553028608,730448238998786048
783697087196045312,365894597
783697090304237568,4311423134
783697097241559040,329204646
783697103499489280,308327933
783697125037203457,71031988
783697158730031104,23244113
783697170423771136,2937854619
783697171979829248,47440762
783697173141659648,16673688
783697176065171456,15923197
783697200685588480,730448238998786048
783697229764755456,1221486553
783697241693446144,780096605252751360
783697278837993472,520479710
783697281673367552,3307295642
783697334420910080,728635523816775680
783697338330120192,3407501451
783697362598432769,83979815
783697363730706432,3962548574
783697400535711744,1348445442
783697444571901952,57655062
783697486653239296,41009501
783697602755702784,2302407630
783697644778512384,832405118
783697649467809792,31582399
783697657071972352,78769005
783697658162446336,252793570
783697663539765248,2398138445
783697770444009472,2448607783
783697771459072000,14687193
783697777754644480,765878940003164160
783697796004274176,4491667763
783697809581207552,431308109
783697821585117184,818634980
783697825305595904,17332480
783697850307907584,24880446
783697894499086336,18460296
783697901272924160,369820501
783697914879107073,2322972280
783697931597676544,46325629
783697953546461185,234865212
783697963935727617,615360297
783697981044383745,2603413925
783698000153550848,442765733
783698025759711232,710247867600887808
783698026326089728,708703657840287744
783698048002195456,763707234866036736
783698088603029504,541198983
783698096257654784,166132384
783698077135679488,48515967
783698114200817664,44036930
783698126423126016,2892854271
783698134836744192,85789277
783698138003415040,3510942432
783698199642906626,382689529
783698209944240128,80619457
783698211525591040,2603413925
783698266651189249,53823932
783698268677140480,81842188
783698273852948480,81842188
783698257939689472,4040817507
783698269889331201,4883801255
783698291812884485,84611374
783698311463043072,746907589967896577
783698344937984004,401070948
783698370158170112,38104433
783698370745344000,917723953
783698372960083969,1498573814
783698372641239040,216786228
783698385375297536,23452675
783698411702943749,3300931691
783698413707681792,917723953
783698418116005888,150891072
783698458423287808,1423118240
783698463875817472,1964834324
783698479709196288,605031532
783698498898321409,73299457
783698499305033728,733663385443782656
783698505768570881,19148225
783698525376962560,291709775
783698562064404481,2719032460
783698593647431680,16643419
783698605702086656,1434771787
783698667530178560,474054440
783698672106307585,622905157
783698690951172096,1039121
783698707615145984,28904844
783698735306043392,769453879306162176
783698741979066369,845690522
783698741995802624,3647712853
783698746416570368,778835228
783698799659192320,301559683
783698801810935808,1690537171
783698803513659392,851695430
783698822656557058,2611184223
783698830868885505,781143889910505472
783698839878397953,4186868062
783698871004168192,778835228
783698927170256896,1146579649
783698931356139520,746893800166072320
783698938910150657,4835421670
783698947197902848,714975023811792896
783698971520864260,102745456
783699013170114561,706143846627876864
783699014336155648,3424241752
783699024138338304,2275945756
783699090093674496,231854780
783699108624084992,125128428
783699129281155072,199883469
783699135031611392,2178102973
783699163540295680,18058741
783699175087214592,3528516439
783699177297424385,749069182826754048
783699191990149120,728880223891034113
783699252727853056,1623977834
783699260026064897,4324197732
783699276694073344,3153083326
783699302824587264,716673119
783699295899750400,35456542
783699341747822593,23394247
783699361771425792,3344571868
783699387557961730,743671134458019840
783699400803622912,780096605252751360
783699417102770176,2912957057
783699416490373120,765382188787437568
783699418948042752,1360131031
783699419090685953,381008284
783699418880970752,19065418
783699433493889024,2467960591
783699443606548480,2792135772
783699454343819264,532807160
783699459418959872,592482577
783699464171106304,368905225
783699464422907904,3989262431
783699496253390852,703268755133100032
783699590541352960,906413618
783699591539494913,2400634020
783699608132198400,37719186
783699616470446080,34109009
783699620056576000,1439874060
783699650222166017,2874567659
783699688071438336,2874567659
783699689333858304,4885049127
783699743268450309,440719830
783699769524793345,334778854
783699781029924864,89465785
783699781067665408,783689275523072002
783699797144313856,3012873702
783699804350189568,359352020
783699807714017280,33890229
783699822117281792,3065356605
783699826684944384,1871356207
783699837514502146,2381321772
783699851691393025,2724918372
783699858318176260,2321692843
783699878635384832,581499659
783699893718134785,106199322
783699896465580032,3410475429
783699899737047040,2492877258
783699908641624064,4864315887
783699924642779136,1676474634
783699926207332357,714985182315450368
783699997510565889,1110356234
783700000656195584,1737783372
783700002241646592,961371518
783700003957116928,69483012
783700025020968960,176860312
783700044511744000,2889990600
783700053126844420,705118576710172673
783700094440792065,2402511836
783700138845962240,759964421443637249
783700140196376577,1620010466
783700141693739008,31493602
783700156206100480,766786784
783700156373987331,2488881464
783700170848415745,346217886
783700185918611456,2188982130
783700246001967104,744989452284497920
783700265178308608,715396898
783700277983444992,2263754155
783700282165358592,353294341
783700321746817024,21991978
783700328726335488,769911919
783700334350897152,2492877258
783700357343870976,226865424
783700364465872896,74625600
783700368475709444,21266998
783700375471689729,226865424
783700378642558976,24658978
783700378030338048,771693851467714560
783700394161664000,3288394404
783700401052942336,2188982130
783700415384870913,3535405174
783700451120320513,4365749302
783700473635307520,2598845368
783700475564744708,3535592477
783700479230509056,110601992
783700493268901888,937176656
783700518392647680,49848738
783700537904594944,769453879306162176
783700570733481984,133793696
783700571702251520,374050196
783700592459853824,278328367
783700614060662785,757387272127852549
783700627759194113,898635746
783700645467394048,471482049
783700653961019393,191463695
783700670956261376,3551147605
783700722600648704,2598353443
783700735837872128,1549532077
783700763201507328,2260500714
783700780951990272,91212600
783700800715431936,17719592
783700799675330560,80357329
783700817534525440,636443371
783700849910513664,3976676854
783700858441695232,2330379842
783700868558360577,31393320
783700874233155584,111700207
783700896110837760,758468707144327172
783700897452924928,438827578
783700897998045184,636443371
783700898123911168,213927310
783700897993981952,709424262604570624
783700913626251266,48701977
783700914628624384,1680960386
783700922652250113,324647434
783700924229234689,636443371
783700930646581249,741037906249187328
783700933045788672,148878788
783700949948784640,636443371
783700963949510656,705091163234107392
783700964129796096,4407240695
783700973722230785,3349071273
783700974741454848,892445370
783700976981028867,636443371
783700994932744197,3012894994
783701000615931904,17719592
783701012016082944,636443371
783701033302253568,765382188787437568
783701037836185600,636443371
783701063203512321,17980523
783701090621612032,2811873666
783701124373094400,19307127
783701160767131648,1636096963
783701197148618753,309141424
783701201556688897,9234502
783701213971755008,50913382
783701298885648384,783346827554910212
783701328526708740,1688417016
783701347526971392,257363233
783701348797775873,2893082265
783701348218834944,338896699
783701362747990021,46455548
783701378090795008,1327639712
783701435305357312,858993643
783701440057389056,4276542096
783701451323219969,782261952118521856
783701455572205568,3730102635
783701482331840516,3756494357
783701492729417732,992081976
783701494591852544,89742192
783701505991991296,28009510
783701523280891905,800879268
783701533624037376,3301951726
783701573167828992,2383282580
783701627043577857,716800970
783701632227876865,429342375
783701654440857600,2283072056
783701658387746816,707780828940673024
783701685080170496,293795974
783701685424140288,297195923
783701686552502272,91212600
783701698254630913,756128216243314688
783701710334103552,90665116
783701739732074496,16207883
783701743846715392,430030395
783701752444887042,780504954532356096
783701791384928256,58602902
783701796527144961,716757802333696000
783701807973490689,176417197
783701816663953410,767563889001115648
783701868375527424,16744039
783701937363390464,358956687
783702008142270464,2899527935
783702016006561792,744938682759675904
783702015801167872,608387419
783702044737699840,1068717464
783702055370186752,54935632
783702060021743616,174369590
783702071715377152,2887440653
783702109267132416,748230192833921024
783702120113512448,3480694935
783702140732801025,782076537264799744
783702171737026560,760229667353788416
783702184089247744,28495961
783702189499904000,368481845
783702196223373312,439536921
783702243497291776,3309130765
783702249176301568,536631754
783702262505885696,889024146
783702269585829889,2907575528
783702275394940928,741793819478237184
783702293854035968,705452397292720128
783702301600915456,212769991
783702319909089280,2340709230
783702332357939201,98160936
783702342046658560,144206754
783702372707082241,243209272
783702400104226816,78204783
783702425479835648,3292294246
783702482048290816,778643483103944705
783702485248520193,1152549524
783702486372716544,830686237
783702517985214468,830686237
783702522754129925,2345474307
783702527158124544,214547779
783702528190021632,61305465
783702529951592448,777184849
783702546023976960,3132898530
783702562360786944,2477316615
783702565791858688,72716405
783702584544538625,750918449401036800
783702590441660418,817897796
783702631994658820,380227478
783702634435719168,14229632
783702675108028417,1608608382
783702680170561536,22139245
783702732406489088,100264343
783702755558862849,496241794
783702795757158400,40817446
783702821027721216,709907306255810560
783702866489991169,1269600625
783702889650753536,3318186731
783702890653163520,3246108721
783702959968423936,4138081467
783702986736308224,728880223891034113
783702989022306304,17027479
783702989974319104,455323013
783702992423886848,763432743594172416
783703017715478528,1265497549
783703023969337344,448331964
783703064557400064,2407464848
783703071956271105,4432916014
783703075290746880,3156705035
783703077438324736,718406080141881345
783703098715930624,715690387562741760
783703193993838593,2296623256
783703195121967104,268392945
783703196002684928,454513795
783703202822819840,144978473
783703237006200832,874857829
783703239829155840,4250610208
783703240760291328,49108579
783703259999449088,71987785
783703307432914944,769095507151056897
783703315905327104,27345813
783703331201961985,3376927462
783703333924200449,874
783703380334182400,167034819
783703410344275968,2905838423
783703441755418624,1107232490
783703443353460737,883487461
783703484583378947,1549532077
783703488048005120,2919153233
783703538304069633,30294672
783703544255963136,1871356207
783703561775362048,1531911318
783703561926475776,167034819
783703567483875328,86633572
783703573372739584,18388421
783703590913179649,569681063
783703589277564932,190017774
783703601654882305,1400514948
783703615957413888,637116992
783703654486405121,183753455
783703660429795328,3054408313
783703663554469888,14472234
783703673121574912,840188797
783703725424701441,522490164
783703745611706368,73026553
783703753266520064,96972239
783703763521462274,3045451903
783703764779864064,1717568204
783703767476600832,21647998
783703773483008000,768860879345647616
783703798086832128,22250215
783703798355288064,3263026994
783703808480317440,708472457364172800
783703818261389312,3884825968
783703821700562944,469845522
783703828667461632,2284514707
783703856878346241,1702035608
783703876079722496,708011342301569024
783703888650199040,3906603977
783703908942131200,20094273
783703922615681024,709154206674866178
783703952667869184,3764606655
783703977124777984,58209656
783704031269191680,167034819
783704051313696772,2993258734
783704055491297280,2946872602
783704059878510592,3263026994
783704110906257408,16189745
783704114752528384,29534201
783704136046960640,2430626287
783704148445245440,27686745
783704177977491460,5404442
783704204493877248,2947790348
783704207178264576,463555515
783704207597637632,473474252
783704220604116992,4351416912
783704229357711360,702842629222957058
783704250056441856,2177256592
783704253097390080,364024381
783704253772685315,1541965728
783704279311847425,215112498
783704284504416256,2919153233
783704291441725440,3799340714
783704305056423938,115867064
783704305874440193,46139600
783704306579038208,35131713
783704341584617473,50776673
783704345917390848,2949559156
783704349486624768,1589277116
783704351277801473,1849839132
783704406239895553,1849839132
783704421012238336,14662354
783704447448932352,701191479654481923
783704487965917184,25437536
783704496819937280,2430626287
783704496937381888,3177941678
783704513043501056,148221399
783704514390069248,1911043860
783704530596790272,752159830605983744
783704563706634240,751996334
783704599941099520,974469680
783704626818326533,167034819
783704630698119168,1724141394
783704632048615424,705131026700484608
783704634716217348,756541125637378049
783704647190056960,745610036135796736
783704665896517632,452047490
783704677510746112,745610036135796736
783704727674552321,16802422
783704743327637504,2481116807
783704761870745600,3436173213
783704771874009088,2856183361
783704792153460736,263325209
783704829847797760,1141834766
783704830959288320,2237957448
783704843546300421,4730217577
783704857819492352,15975316
783704858868215808,113540522
783704876857430017,281998968
783704883081908224,322347520
783704893856985088,36716234
783704898508460032,756880499881103365
783704916304867328,2614240147
783704943723020288,739850773090078721
783704949297442816,7997372
783704955911823361,1589090810
783704980209315840,4260720134
783704995858309120,470681955
783705003076620288,3510942432
783705073708699652,2359310914
783705086908215296,728880223891034113
783705100325888000,45450902
783705104180359169,749069182826754048
783705117153304576,18434832
783705120257155076,974469680
783705127085539328,4114836339
783705138443620352,576827889
783705150707740672,3290881694
783705175445819393,3478175954
783705191384219648,874846453
783705190784458752,22642438
783705206269710336,728663322036314112
783705229619453952,89442672
783705246195339264,4193355973
783705252591579136,821842872
783705261403934720,335108306
783705293490454528,1422241538
783705337266405376,70633300
783705340852318209,758011576100069376
783705395718152192,334923393
783705406824677377,3230944180
783705407587885060,716796206823780353
783705410419163136,222188056
783705413258776576,3094392966
783705429943648257,702541360314843137
783705451926093824,1138150616
783705459668635648,42656372
783705465544970240,729507513989763072
783705469567119361,783698053542707200
783705481789308928,3251986542
783705484947632133,18777513
783705500127035393,599516594
783705526660050944,503794853
783705529399017473,725121922032394243
783705535132667904,726784186217062400
783705572256387072,760128364950724608
783705581198544896,743181738801762308
783705593601220608,2628637503
783705595601948672,4862611007
783705606989361152,387162020
783705625435922432,280076622
783705633900138496,211500194
783705637150724096,25380336
783705682126131200,52247328
783705693618438145,753292912197185536
783705733154103300,1169382680
783705757636292608,16670160
783705779899600900,756016722646298624
783705785784238080,40783447
783705798367186944,1513825298
783705807540006912,761000644324888576
783705813110054912,2178325525
783705832504504320,3510942432
783705833246822400,3062027302
783705835528523776,148565166
783705859314462720,139313091
783705867879276544,965122116
783705876603375617,723605808957640704
783705887017988096,14593143
783705895033274369,4886213447
783705897784659968,40189359
783705908899565568,134033985
783705909897801728,1306304431
783705911185383424,1355583667
783705943712276481,1546525940
783705946744688640,2927548871
783705964612431872,49181951
783705966906863617,570859259
783706004794073090,49393232
783706079855316992,404463989
783706085337108480,3230045522
783706086226354176,38022781
783706085689622528,16955870
783706129410822144,705921327752806401
783706185237094400,4699293522
783706189926273024,761000644324888576
783706224671854592,3016663159
783706232934793216,604819882
783706288567877632,445318047
783706323674423296,4069573402
783706327591903233,47729195
783706347820949505,27922147
783706372248576001,25924647
783706374853238784,3284974008
783706413046632448,630447722
783706426229358592,605963171
783706433095340032,76673246
783706443589431296,221208928
783706443807588352,23394247
783706452447735809,271602903
783706460102492160,466164167
783706464032391168,95143163
783706464980504576,426877765
783706480813965312,702842629222957058
783706484005679106,714887575081607168
783706579354869760,134033985
783706633960587264,961537104
783706639513772032,1620010466
783706673856798720,318562573
783706693125320704,3310998355
783706713681698816,2811995783
783706739199860740,67169191
783706757449195520,3347737518
783706766571892737,181532763
783706765766619136,389292186
783706770145316864,500398122
783706775623241728,2213360858
783706808389103616,3360841431
783706812327616513,390925665
783706828127502336,3054566722
783706840626495488,2448422966
783706849509912576,50175405
783706866878676992,721339836406317058
783706901972385792,34817136
783706916312584192,21604529
783706918145646592,4884249002
783706919127089152,409025449
783706937091166209,508390512
783706957504851972,136550204
783707023724548096,45079860
783707032889069573,909423206
783707036144037888,2716028982
783707048450134016,721339836406317058
783707085603307522,360150090
783707094411161601,48452950
783707110076878848,76161488
783707111415054337,41430555
783707136282939392,221208928
783707151201996800,144206754
783707229610311680,149198227
783707244617691136,738187269417406465
783707249063649280,106763540
783707251739652096,4697443400
783707290029350912,125895657
783707291988230144,25924647
783707340407267328,382370203
783707345750818816,527041602
783707352042246145,2514914696
783707353497690114,185962238
783707354088951810,756303686175891456
783707361114480640,27085484
783707372598403072,389559621
783707374263504896,324233411
783707391212789760,374826129
783707392458493953,2989557440
783707406098370560,164559233
783707425727623168,236182540
783707475627257856,66216241
783707479825911808,3153217190
783707502865031168,380767025
783707518170193922,527041602
783707533475274752,385123768
783707533622013952,527041602
783707541423480832,3139285571
783707543172329472,27456082
783707548285231104,2782552223
783707587908960256,385123768
783707594561126400,145942291
783707606397235200,152148763
783707615696007168,2947146938
783707620913745921,3430288594
783707633861685248,2378282124
783707650491977728,110547640
783707672705130496,93811347
783707691470422016,25332451
783707709811986432,2941351219
783707737196601344,729084375762001920
783707744725499910,15099054
783707746814353409,3269548699
783707781396242433,1620010466
783707813411483649,3349071273
783707877823373312,112719788
783707886740443136,190017774
783707892084080641,316578266
783707901407920128,368215075
783707904700547073,71150898
783707910756978688,27741730
783707943833337856,17230555
783707943464235042,217082326
783707960849666048,1406535572
783707992705343488,4324197732
783707999080558592,781606219626651648
783708017296498688,3365603529
783708029690585088,2729894420
783708046941978624,153177381
783708109608853504,9376622
783708135424794624,191615018
783708158443216896,149173251
783708159080792065,781641562195451904
783708166794141701,1200193202
783708180790571009,2521820804
783708194560499712,762341258689966080
783708218363154432,1606398271
783708225568923648,3041674204
783708226382471168,566548339
783708253985406981,3041674204
783708255944081408,546488925
783708283177668609,3078628110
783708293826957312,66216241
783708321870180352,3284974008
783708346029268992,545377339
783708351268057092,731273489169174528
783708367625781248,282098746
783708390543482880,491046083
783708393072627712,714995266718457858
783708410642595840,1169382680
783708419194626048,751778144
783708515198173184,2831124146
783708528280207360,885614784
783708549494878208,125550109
783708579698180101,2949142601
783708582571237376,6742412
783708599226818561,767830288730771456
783708601051336705,1424405210
783708613885906944,253044272
783708640393977856,97072212
783708641639694340,191836409
783708662787256320,2992624003
783708676662042624,33128579
783708678159380481,711181235708502016
783708687030300673,730448238998786048
783708709989920768,14413370
783708734048567296,782645407
783708758652379137,164787959
783708776608083968,415114452
783708792944898048,352077968
783708806958157824,3207589853
783708845621248000,1674023324
783708861882593280,375346052
783708883646816256,3145648247
783708886184361989,2737532609
783708905843007489,979712527
783708914927927296,3107013420
783708921173250048,59133139
783708923895226369,403992815
783708980891627520,413597188
783708997635469312,3073193628
783709013284270080,475690797
783709022566350848,105604742
783709048457797632,2998676088
783709060449329153,714947334
783709063532142592,68698563
783709072310829056,2438858671
783709072306692097,51267758
783709148273741825,33679065
783709174081294337,578739969
783709209506488320,30644500
783709215835717633,2949142601
783709218394152961,4476857892
783709218893275136,2691309440
783709227042934784,125707688
783709227508346880,282817762
783709241035124740,25802938
783709294101303296,732206520692154369
783709307498008576,721764949492690944
783709319434874880,2184428881
783709340582764544,436594025
783709376964022272,37198934
783709417065762816,77865638
783709433855561729,4843619266
783709435126394880,2268163640
783709451689656321,825336350
783709463261745153,2794424959
783709498582167552,68698563
783709526054801410,4853590007
783709537136107520,462632317
783709590756163590,399681239
783709613476618240,775162113291538432
783709615045226496,411745222
783709616265887744,714947334
783709616983056387,21465838
783709641259687936,1446627703
783709643193344001,3035320186
783709651732930560,2230929348
783709655025356800,18553881
783709661069541376,14620090
783709691285307393,423406637
783709695122874368,70749151
783709698474270720,125707688
783709711837241344,27741730
783709736302620672,746907589967896577
783709782230216704,792961111
783709799934406657,2990026174
783709802266583040,715381737631662084
783709812542492672,189914977
783709861343170560,476140498
783709869039693825,707253890299744256
783709875209695232,41637913
783709879831699456,2561555594
783709884843982853,20293419
783709897166884865,549600704
783709933791420416,22998009
783709939608854529,2346152484
783709968557936640,1613460655
783709975352713216,21764166
783709989877665794,3407054114
783710008030720000,125707688
783710030952628225,311756420
783710035826343936,22916865
783710054071476225,746511344
783710139907878914,1028395934
783710170446651392,58847621
783710172212592641,758906094504730624
783710178411679745,18175598
783710190851940352,738073831600885761
783710204407971842,164543534
783710221243998213,543357445
783710238104924161,759085449952399360
783710245445042176,4864171883
783710257226801152,22106891
783710267284697088,2863229966
783710272456388609,83517597
783710279079198720,67374305
783710309999636480,4864171883
783710346557136896,18852713
783710365251088384,488578718
783710379213885440,2420596653
783710379750731777,4126985297
783710382917496832,582135529
783710387728445440,327511812
783710429532958721,810053322
783710442036363264,734556260796932097
783710442199851008,1697701392
783710453906014208,34360376
783710457940934656,3510942432
783710490417475584,874753596
783710521639829504,92201806
783710522478735360,92201806
783710523288236033,92201806
783710522927620097,32803717
783710524806619136,61829422
783710541265141760,61561954
783710628749778944,210885979
783710666519678976,167034819
783710681682046977,67374305
783710742553825281,26256596
783710768516792320,751991374552174592
783710771041689600,725380874
783710771234693120,730508487034343424
783710817749340160,230739131
783710862704046085,914235540
783710876205510656,2848768233
783710882333196288,217189882
783710916839821312,4821920832
783710941577932802,2859252129
783710946803933184,33790496
783710971151998976,236610403
783710980299747328,474450287
783710992580636672,503094224
783711012675387392,757107340768260096
783711044900229120,22772880
783711075950657536,4780832983
783711082720419841,404463989
783711110260256768,4191027149
783711117658980352,774071831024267264
783711118963376128,2438858671
783711123564400640,4098417200
783711148948484096,484004599
783711155688701954,747876175247204352
783711162001158144,4788670529
783711188190433285,1195684554
783711191369527296,122239667
783711202136379392,775062242052059136
783711213112795136,90493351
783711239323193344,123044187
783711285053562881,77865638
783711287243079680,2312850692
783711288639709184,776677129274613760
783711296571133952,2173737832
783711305307787264,1942788294
783711320008822784,247955119
783711338338086912,772142974255833088
783711346923704320,1618489146
783711355522064384,2305478047
783711374148902912,1250419446
783711381182754818,58847621
783711406235406337,1179710990
783711417459277825,5744772
783711441106993152,71150898
783711469384896512,1711473260
783711486942339072,2300558029
783711490310336512,3067952663
783711492067635201,774000571573477376
783711503346114560,271602903
783711541552095232,2851222382
783711580005412864,26947929
783711607243309058,54247981
783711627585556480,54036451
783711648980676608,2950103415
783711651237273600,227770099
783711652759732224,4442509288
783711697072599041,810053322
783711733709959168,97535855
783711737434345472,47738724
783711746154373120,491414270
783711771320197120,3927572774
783711773509713920,18534622
783711783731142656,2430626287
783711838370406400,143438881
783711896247660544,15613421
783711902132076545,4679262937
783711902845243392,2256518001
783711939025174528,360805303
783711945039814657,3011582208
783711963603804161,11104872
783711970222493696,1195143002
783712010244612096,966636090
783712012232716288,780805539366174720
783712013281206272,51315192
783712017655791616,415552102
783712029257310208,1265377520
783712031085953024,33326148
783712041185849348,899532878
783712044285591552,369037358
783712048307802112,291523722
783712083791736832,887569722
783712110186422272,33068682
783712120877690880,2369263652
783712131841679365,2994054777
783712175210663937,708468473282875392
783712197356744704,708344070263812096
783712206051389440,401015900
783712210866540544,160668798
783712277048459264,774293672531820544
783712287144173568,284251270
783712302478528514,3259181138
783712346543951872,2590278009
783712346921242624,40898836
783712356501032960,1151823614
783712367221743616,33728899
783712390403678208,40898836
783712392354131968,22619067
783712433722490880,3400568224
783712454865932288,433003143
783712456443097089,1905590958
783712498742599681,723577767820967937
783712499111751680,18832833
783712505298243584,125935401
783712529885368320,235672285
783712539469197312,337187757
783712552618426368,700661366064095232
783712588844728320,4914539795
783712593961635840,509384598
783712600932519936,3739067240
783712633849602049,66224302
783712639184547841,24865324
783712657224327168,759149064470474754
783712659459891202,3985438453
783712660671959041,274581901
783712661456429056,2167212409
783712665663315968,3122340123
783712667504476160,750918449401036800
783712701394608128,755805341321924609
783712704712151040,1160157319
783712703952986112,1613460655
783712735838216192,3145648247
783712755387867136,780607935068016645
783712765605244928,508062291
783712778301431809,759964421443637249
783712787700809728,489453150
783712804301860864,1970154378
783712828683382784,95342268
783712830025568256,755859120729694209
783712835113189376,2372023345
783712835230662656,315878798
783712891207725057,818468149
783712918579785728,58869220
783712971046268928,2317954243
783712971465764864,2853388217
783712973600587776,560721586
783712977585213441,1164398581
783713002046402560,207134017
783713023118761986,3394247320
783713118509604864,317829181
783713125199740928,800748296
783713145063866368,1917803892
783713211849711616,505518427
783713224306921472,1276320870
783713228492771328,34290975
783713252966477825,4196754560
783713258578391042,15786332
783713260633718784,3575499374
783713277301764096,4858835415
783713286978011136,2925784304
783713304669786113,14243666
783713341713838080,1621320505
783713360713875456,3985438453
783713361250902016,778714455194480640
783713399360237570,1618489146
783713402866634752,224864463
783713440116379651,368971022
783713469216489473,730965744922599424
783713470181244929,758468707144327172
783713491488124928,41935019
783713492733833216,581945996
783713509720731649,2850722943
783713540628709377,775698569961627648
783713548715384832,2291418991
783713561159794688,714927015594487808
783713584148733952,204573864
783713587067883521,752554272433188864
783713591341879296,67815972
783713593434996736,67815972
783713603924865024,2525949569
783713618978152448,23217897
783713621712961536,4410672507
783713636485398528,22214198
783713680810795011,23394247
783713693133529088,2173737832
783713699659866113,1184806040
783713712158965761,4647698781
783713722711748608,3011269928
783713740466352132,477435585
783713772724637696,2291904432
783713776851746816,3047937393
783713777204113408,3103091745
783713784070156288,243962944
783713792890896388,812185596
783713807772241920,765352720429711360
783713810637021189,3416539240
783713812058742785,150665663
783713819176505344,324495220
783713829406568448,771500959214215168
783713864680628225,701427350836264960
783713870485520384,4915718896
783713872297549828,409216221
783713878664359937,30271700
783713883659833345,30539120
783713915297337344,38308930
783713914467024896,16969148
783713953125773312,21058720
783713959702589440,28864862
783713965830320129,426361581
783713967667605508,1972076252
783713996830629892,3298446763
783714009858007040,756536591464759296
783714010365566976,17014549
783714052908412929,705188763060846593
783714056574230528,755597401075752960
783714063251484673,830504714
783714066363588608,718157189253234689
783714070092320768,845690522
783714089751150592,715474256889384960
783714122328215553,742775805051166720
783714123846709249,3561529155
783714140904886272,750239178
783714140833538048,2382419276
783714153533845504,319402270
783714162908114944,2854520420
783714167970668544,2183165196
783714169891663872,552166533
783714170164228096,552963680
783714170944356352,780438309399097344
783714170453667840,548245074
783714171208675329,547440349
783714171355402240,549144282
783714171728769024,553805855
783714171225374720,552888372
783714172387205120,554063108
783714174866034688,535071799
783714178401906688,554437582
783714182617141248,554319073
783714191731458050,33915872
783714195988623360,173908484
783714210400305152,749215627051692032
783714214498209792,2288796403
783714222576246785,3300013934
783714258911506432,3388624480
783714263529562112,3701456237
783714285495001088,720489517
783714290536738816,42688735
783714296890994688,1498676624
783714317321592833,2351157576
783714326276374528,152087549
783714420962697217,2926061818
783714443830190084,2681128242
783714463404859392,2148332881
783714496082616320,3018884124
783714512264310784,3952791
783714552953184258,4578086520
783714553712422913,29207902
783714561660743681,3423361827
783714576458100736,4802976846
783714578781900800,2149414262
783714581277323264,200223032
783714612613115904,739397111012331520
783714652018601986,3063990535
783714655277608961,780534687693348864
783714656003190784,34290975
783714659589316608,3433367477
783714667986321408,3176031467
783714692355219456,21920043
783714765126459392,34290975
783714798534090752,3296730001
783714834361835520,19825983
783714838434439169,19825983
783714845526851585,583252309
783714854788030464,747107404714807300
783714865764372480,363992316
783714878389362688,762000699777507328
783714889286115328,43757693
783714894273253376,4878569854
783714943992336384,20357209
783714945812799488,2788642796
783714977945313280,42625165
783714980675805185,107224733
783715027337392129,344233703
783715038133645313,917363497
783715042348765184,101138753
783715059663011840,1349725184
783715097671704576,3510942432
783715105359867904,783706876433149952
783715109478797312,60063137
783715118253309952,62887120
783715142617952256,2635742165
783715146573111296,423135707
783715147122479109,22733545
783715174846832640,90804267
783715177858371585,123644032
783715179594862592,19341224
783715183113932800,33915872
783715191913582592,24072531
783715196552548352,3436173213
783715197680627712,563118208
783715207797497856,3640734136
783715216551010304,4883847269
783715260683268096,3321622632
783715262189146112,386352968
783715268971360256,67293615
783715280996409344,708722250279731205
783715321832243200,2332540810
783715324952715265,3961381816
783715339234189312,421344061
783715352844926976,315878798
783715363582279680,73475855
783715376823533568,45003550
783715377226317825,21955113
783715400479547392,116853542
783715425376935936,74257101
783715426165362689,3280132735
783715448697262081,68321268
783715450605621250,254835131
783715454992777216,592466122
783715469454897152,747420327660101633
783715477793148928,846221376
783715518062538752,53548512
783715522131222528,759190258726662145
783715524370796544,2418808274
783715572253065216,90182089
783715598106632192,1011847296
783715621183905793,205701512
783715646479577088,760022019249496064
783715658433306624,19368455
783715749391130625,1305818593
783715750578126848,1650323768
783715756752199680,226944217
783715767674101761,386090092
783715788653862912,558360059
783715802184900608,805436808
783715805959643136,454241383
783715807956049920,18534466
783715814922973184,49817093
783715827782606849,16106016
783715834359320577,4041511396
783715863027388416,129559686
783715868555501568,366690549
783715871252439040,2550993804
783715907302412288,720612792210825216
783715935169327104,202380388
783715953955614720,152087549
783715970267439104,712775494102618112
783715975938072576,2692254213
783715984578187264,4890616384
783715987426308096,2282687281
783715993847672832,1450093045
783716037418246144,56701775
783716068942544896,1205012060
783716079470125056,241583780
783716082280456192,30331277
783716095383351296,420678292
783716100303228928,149327132
783716138391830528,34290975
783716141432643584,23841163
783716145844989952,145383915
783716152044318720,4911163355
783716162030796800,703568996851777536
783716171354738688,827753221
783716193442013185,39264668
783716204401856512,2227252529
783716214384300033,16969148
783716245061238784,421372324
783716259997229056,712318816940892161
783716266917801984,1196032788
783716275713343488,735562807
783716276501905408,2361304821
783716299901837313,123905734
783716305715298304,2758422311
783716315022389248,29993565
783716323754844161,758339133504786432
783716326485270528,704999960
783716332416094208,2778938154
783716344785055744,739980947722928130
783716358982807552,128429068
783716383292952577,2800419630
783716403421519872,2259116640
783716423658901504,475690797
783716450599047168,3238883909
783716474858897408,791366690
783716492974194689,107301871
783716498510491648,15855345
783716542353645572,1251598134
783716548040986625,3295512715
783716550691860480,3376601414
783716553091125248,1924009970
783716555838357506,26559909
783716565590151168,700525448577556480
783716608459976704,758839025645989889
783716646120747008,1030993531
783716656044310528,49318764
783716656761757702,3100073925
783716661996118016,411745222
783716666962120704,18404515
783716680283357184,1205012060
783716690970472449,16996707
783716691243139072,755893080373366784
783716716085862401,218723962
783716718933860352,17107740
783716725334298624,44632333
783716729973272580,472073937
783716731822891009,3789299356
783716745244733442,812185596
783716749195681792,1355247529
783716764907692033,466519303
783716770733588480,114154403
783716802253713408,85560804
783716822252072960,902276340
783716830359674881,14487329
783716847208103936,95105360
783716849707999234,471324897
783716860617330688,41669035
