783716889855864832,340180762
783716891357577216,14136886
783716900782178304,14136886
783716927969583105,322326969
783716984663842816,758339133504786432
783716992620658688,3132898530
783717006692458496,969204524
783717022354042880,3398770055
783717023234740224,533165295
783717044797661184,611683512
783717056168488961,3241060727
783717056285843456,388456346
783717060027281408,1205012060
783717075214802944,3241060727
783717112783056896,586853452
783717112967671808,755164792667512832
783717116121747456,1957876418
783717129531121665,711258630574596096
783717138783764480,2900139381
783717160837378049,2295343929
783717171490795520,210867209
783717176809295872,748230192833921024
783717184698744833,2609806866
783717187030704128,1330390680
783717189895323649,36303972
783717196279193600,3057889278
783717197679960064,193357080
783717221835022336,702963029521076224
783717231620423680,16935292
783717243876106240,82770282
783717259239972867,1650323768
783717261425061888,3227414731
783717287178231809,968404783
783717299366731776,755568171810029568
783717331264471040,425511467
783717364047179776,3132898530
783717371009576960,203188066
783717377947029505,775164334641065985
783717381059256320,250916623
783717405348524033,4398911302
783717419823104001,3317649485
783717433576034304,480933989
783717435811598336,241241243
783717438202515457,16109009
783717442602299392,16109009
783717443525046276,4749749117
783717466295955457,18992348
783717478534815744,1195546008
783717496474009600,308140632
783717524915445761,709789413941841922
783717540631490560,721932096780894208
783717555651416064,22250215
783717556523708416,4019143703
783717573691080704,4213819287
783717599850827776,1195546008
783717610970112000,3624290115
783717639415672832,234306352
783717643115048966,2800419630
783717648894877696,747527929790291968
783717654368489473,3349130025
783717662916382723,794779346
783717669749059584,111556877
783717672991219713,4452880461
783717682269020160,251824244
783717690506637312,753779827942035457
783717690464690176,3192506298
783717696051486720,18886763
783717754889080832,1720816128
783717754360696832,22805192
783717771045666817,2272936585
783717773176401920,739947371958808577
783717777630760960,758087900630245376
783717780075851776,21764166
783717791685746688,291789016
783717806906933248,749744611
783717829627437056,4777071
783717836254351360,2895145796
783717840675303425,3172586621
783717843313434624,20417476
783717867426570240,52190774
783717881779396612,772470691786620928
783717919368876032,401657173
783717933080055808,434464440
783717933503639553,3093977644
783717933352648704,216068678
783717937882533888,1428809815
783717939115597824,740348347396042753
783717962649890816,606913095
783717975132168192,720511662
783717982442663936,3228692530
783717983747092480,729888312253546496
783717990076407808,16844168
783718018568359937,3843640245
783718048859430912,16573251
783718072637005825,713697990
783718074969100288,3026020697
783718147392167936,891661093
783718147966709760,53950235
783718157722591233,181638022
783718210797350912,4857443134
783718222482767872,407209557
783718246595735552,3148545679
783718278283849729,2496377724
783718282620698624,556459219
783718289528717312,45279852
783718298533986304,135180047
783718303701229568,898629336
783718311301357568,1199216136
783718325071204352,779563097237303296
783718332176273408,401094657
783718331551354880,3287963618
783718363658915840,2714378171
783718420537683969,27490812
783718432739041281,412738526
783718456323518464,527994036
783718461079826433,4280482340
783718485302054912,28620185
783718506080546820,4605113535
783718514033102849,861868506
783718521796689920,3481965513
783718527576465408,714908382725996546
783718530017550336,213144333
783718541853794308,2918014430
783718542822604800,476448625
783718578314842112,14247924
783718580466573317,22819266
783718588872089600,4182688875
783718613530382336,120840003
783718638733832192,751481455105101828
783718653950889984,1355218452
783718665367592960,17487795
783718676717449216,2459121330
783718682702729216,19317371
783718705960148992,21358390
783718727355338752,725920951590739968
783718742660263937,4174764859
783718775505944576,764898807796621312
783718789145694208,65698564
783718833953660928,730965744922599424
783718890333286400,2950103415
783718897484574720,383901955
783718897946021889,4885049127
783718904162058240,3184301549
783718919924097024,3192377288
783718937510879232,26003339
783718938102210561,758365695008575488
783718963960098816,2315586823
783718967584157696,1263236965
783718975511363584,49817093
783718977218420736,720223869269704705
783719020000219137,3651026791
783719021333975040,4847512112
783719043735904256,93912662
783719095971831809,3052931864
783719144504037376,2724120327
783719144164294656,703372592800014336
783719167459483649,133385433
783719184882544640,2163252930
783719186434359297,754469174227775488
783719196849016833,454830061
783719206445543425,4085974457
783719216750878720,3021101578
783719227484143616,725547010732892160
783719244336734208,769670724386631680
783719249915371520,158157917
783719255791407105,253035407
783719262665969665,4806311422
783719270622560256,713582080291172352
783719285633982464,300497193
783719326578839552,724726581982322692
783719327187013633,1953995952
783719345469915136,776412584442376192
783719359185195008,730932363341897728
783719403884015616,148035397
783719412633333761,4878585869
783719413090390016,777327590843424769
783719425023238144,757764767964553216
783719442291101696,759043134751813632
783719448712712192,752159830605983744
783719448662249472,75844645
783719478345371648,741150848
783719478379110400,769162758633975808
783719495013634048,750239178
783719500004798469,438040010
783719504102559744,842498179
783719503481929728,365729749
783719591264608257,57627927
783719620465221632,46741795
783719631680864256,993757026
783719663251390466,171715514
783719677767847936,864654433
783719688589246464,20406724
783719691407667200,40144113
783719704359677952,3376601414
783719720327389184,404540107
783719734898327553,3269526824
783719735464751104,344886517
783719750450819072,702104862671159296
783719798182178816,538481859
783719806964998144,743231051472961536
783719807866769408,722819864
783719820537704448,2670772172
783719921549049856,46741795
783719945473495040,762975339110866944
783719963336900608,3111009699
783719963328647169,26831802
783720039883034624,76733873
783720045365059584,35367937
783720060481265668,264710996
783720066449801217,3107938812
783720080949452800,227770099
783720082362859520,4447613913
783720085278060544,260290494
783720086355849216,3376601414
783720107293806592,4856996010
783720135655915520,1209695118
783720144203722753,727872101424619520
783720179154952192,743231051472961536
783720188227223553,1093851158
783720196309606400,61014484
783720202714411009,109996498
783720214579990530,743671134458019840
783720245458526209,32230036
783720262977986560,54935632
783720263007539200,720730377
783720294619947009,39609732
783720313758646272,1494550051
783720317193711617,708354327719636992
783720336382713857,3416490233
783720340975300608,705142654716149760
783720341973504000,3180679291
783720374425022465,93912662
783720390681997312,3234781559
783720393790066688,2811873666
783720395794894848,632359532
783720409938161664,35465166
783720411171291136,3368394364
783720413658435584,3376601414
783720418230341632,90522101
783720426505703424,781715192895959041
783720426325225472,2947146938
783720430695620608,4237443134
783720437318639616,763836793
783720475352367104,4908767452
783720489361543172,278071669
783720491160711169,261015924
783720500400795648,55590462
783720524480335872,835730468
783720534961975297,19323212
783720538644500481,709451112739262465
783720553152741376,2966724502
783720554759008257,42985438
783720569996996608,15415778
783720596643450880,53209851
783720598988021760,64193927
783720603152883712,3789299356
783720618608828416,606504150
783720662883966976,519974393
783720672723816448,347927563
783720690226561024,48467882
783720692822913024,632359532
783720698766393344,1251598134
783720698678218752,3376601414
783720700427108352,739980947722928130
783720761764655105,1947900744
783720786905305088,1352765922
783720848733548544,3061928269
783720861614411777,401015900
783720862008512513,37536623
783720877817028608,10818272
783720923434188800,15182798
783720924713521153,3328257629
783720924445020160,57366845
783720925434970112,4250285182
783720965247205376,868205022
783720969101713408,772079281753165824
783720969315549184,4852047507
783720983639134208,2953201
783720997249622016,855072926
783721011397140480,758468707144327172
783721052849471488,463009801
783721071941935105,739441651
783721085518880768,50648768
783721085657354240,51082437
783721088324870149,1251598134
783721119950012416,732356949770178561
783721132104966144,1620010466
783721140548145152,14947925
783721146650767360,3376601414
783721163897786368,402114809
783721169992187904,57678256
783721189663399937,1561348519
783721198362460160,91734908
783721235494473728,727924807
783721315895214081,2606228954
783721345641287680,3354294677
783721358127661056,25741722
783721374242082820,152087549
783721408778076160,23394247
783721420484440064,1917731
783721423625859072,1692698684
783721431209156608,1620010466
783721442043109377,43690571
783721447545982976,759845601882157056
783721461785645056,15055062
783721499291254784,42224694
783721502810206208,72454254
783721502730575872,20091865
783721519587352576,25029878
783721537702662144,3071411937
783721539359412224,47756267
783721551980072960,782999735623946241
783721555243171840,868884354
783721560779657217,591349165
783721560322572288,3288394404
783721563145240576,207271383
783721573471490052,773943048170594304
783721578257264640,29964420
783721579200917504,4291655293
783721625086820352,3247206079
783721627238428672,359441420
783721629780238336,838627057
783721662927609856,731159200743612417
783721663439319041,730574366417682432
783721674759925764,4764967337
783721691109216256,416729595
783721701712375808,248111082
783721722767896577,381054502
783721725338984448,434540832
783721729852071936,631132470
783721733064884224,60993405
783721742590177280,755861091561959425
783721758457143296,403076496
783721758939570180,41483434
783721763008118790,2329317694
783721784398917632,146552379
783721786827542528,738487819916562433
783721795526328320,34312364
783721796323336192,756616045171908608
783721802191114240,1402587984
783721814329593856,47361008
783721835041087488,2917187933
783721843752591360,3305576895
783721855790174208,1723963088
783721857002434560,55312746
783721862111068160,793999634
783721864954650624,739980947722928130
783721866955403264,3293538159
783721867374764032,3010552459
783721869736284165,1068691076
783721873460850688,4173763162
783721878116376576,1284956808
783721892083478528,17582682
783721896298676224,1100096204
783721916884410368,2572645350
783721922764890113,631132470
783721925520621568,763736316869808128
783721927009599489,1549563690
783721949767798785,281273320
783721970495918080,278328367
783721984869928961,3439418954
783721998639849472,578489743
783722008219639808,25456536
783722017145098244,246470066
783722019716231168,279118291
783722025709932544,235277365
783722036334133250,4252685236
783722042659115008,43690571
783722047453011968,2418808274
783722051366334464,919666844
783722051886575616,34405479
783722061646667777,1719331698
783722079648571392,17613435
783722117145718785,758361693877665792
783722137504788482,36061413
783722159059374080,717482558586486785
783722164117581824,4776342980
783722178206310402,2416763191
783722224943411200,2324594156
783722251837374464,726872852968931328
783722254785994752,705935908608937984
783722276541739008,135864208
783722281625202688,456457718
783722283680591873,2650788296
783722284968189952,278182211
783722296829763584,48267697
783722303888715776,297339862
783722312025735168,1604464490
783722319613132801,124953604
783722325405474816,96617400
783722330967019520,2805702040
783722353490530305,752016452
783722371190358017,3363294490
783722371622449152,503486713
783722393625767936,4855874126
783722407370502144,15113653
783722412693159936,130506059
783722415759036416,24232665
783722452085907456,753797257237893121
783722459786727425,3376601414
783722467579879424,3396688756
783722494591012864,714538042229305344
783722496214327296,338522172
783722495857848321,362175398
783722506880479234,780401574656999424
783722518464991232,581407394
783722527667269632,1356123823
783722533900222464,712948758
783722570545856512,36974428
783722574660395008,4123677903
783722610840461312,2366841
783722614262902784,225071374
783722636475895808,153110350
783722638791151618,3015900740
783722659020349440,749069182826754048
783722677232029696,4191924684
783722688900587520,33997779
783722697599561728,15411151
783722697532530688,114436807
783722725688938496,240868674
783722727962279936,4788670529
783722749235560448,750918449401036800
783722763143946240,124953604
783722762791563264,26833044
783722797826703360,752121791947169792
783722814830436353,759964421443637249
783722823282032640,3327456092
783722826842923009,2597005971
783722845595635712,3066573123
783722876402819072,790777848
783722885202505728,72676365
783722926122020864,17022638
783722942848901120,15411151
783722943721435136,17494961
783722949194944512,3130914869
783722964504150020,743600698416332800
783722966311895040,1439985018
783722974608261120,706583253205909504
783722996083019776,3015080584
783723007705358336,175604092
783723030094544896,187995023
783723031038353408,74660931
783723041960361985,1913711058
783723043319406592,229378318
783723045160488960,9376622
783723048406913024,512559415
783723054509780992,177564016
783723055197491200,247833740
783723060092280833,3376601414
783723074210463744,84144632
783723108460929024,2190420444
783723115721265152,197872494
783723118770606080,821842872
783723121899507712,427028916
783723132175745026,4138081467
783723142225223681,532639414
783723179847983104,735292284
783723205391372288,765437420959506432
783723213687623680,3114904022
783723269983707136,740350883158982656
783723282386255872,705935908608937984
783723285125091329,344233703
783723286404427778,21424216
783723287683723265,1925001980
783723289587879936,90522101
783723299851436032,775502699114684416
783723354884673536,24610373
783723388363833344,733023522268794881
783723395632422912,4838520568
783723399306551296,122236527
783723407275921408,25003362
783723432613675009,765219467915919360
783723431241986049,31412515
783723460828667905,749093840846401537
783723473650593792,2679043266
783723476435644416,4515647727
783723480906887168,90522101
783723515702677504,748168857831956481
783723525291008000,2275945756
783723532018737154,758468707144327172
783723573319905280,718174522868781056
783723590181060608,746745088798121985
783723603971940352,620640900
783723605410537472,263215798
783723611253202944,767501785317519360
783723631687991296,405483278
783723637664780288,2744966657
783723647420633088,1339674523
783723652613365760,778277921341444096
783723654131482624,753285516749975552
783723667863834625,3035320186
783723670288142338,447562215
783723707801870338,3376601414
783723712881291264,11568432
783723723903815680,25382256
783723725870936064,512559415
783723739774988288,1400514948
783723754878742528,65484730
783723776185765888,71709891
783723794812719105,42653041
783723801494249476,336105291
783723801913753600,773224606136020992
783723818082676736,746516185634594816
783723828073598976,760558294482165760
783723870893203456,328076319
783723878380175360,27784580
783723902425976832,15640456
783723935917494272,759479972981465089
783723947556679681,27046093
783723950295703553,302628183
783723978107998209,165819524
783723991202533376,753668889712570369
783723995514363905,3376601414
783724031279194112,503486713
783724031715348480,2942154162
783724036585119744,703500451229134849
783724080147025920,495602226
783724084957880320,31288110
783724130864500736,454241383
783724175340908545,1355051552
783724176658096128,1169956884
783724200926281728,18230524
783724217355399168,104595364
783724222367600641,4864171883
783724256165113856,3163653229
783724258908180480,706542798724444160
783724264255991808,722326109715623937
783724272070062080,4864171883
783724286351638528,384932870
783724313946034176,70235285
783724314449227776,43689017
783724320027766784,622853924
783724326780604417,4864171883
783724359059906560,17527890
783724372028686340,4864171883
783724389938319361,467901886
783724394266894336,4910378597
783724399505485824,2830841404
783724413585874944,780096605252751360
783724414156365824,3327456092
783724431755489280,4864171883
783724437958823936,27784580
783724446095933440,19304654
783724479113334784,2151953562
783724498298085378,1060814364
783724537825419264,2961282598
783724600970489856,4899772544
783724608503500801,156127302
783724623372382212,275187971
783724629630214144,567723069
783724634529263616,437985541
783724636588638209,437985541
783724658029977601,759190258726662145
783724671539810304,760903583781052416
783724676451139584,1656410479
783724676103151616,374540715
783724697129197568,1096787952
783724699649921026,195402624
783724702862864384,1619636580
783724709166747649,111124426
783724713352716289,147652640
783724728569724929,748230192833921024
783724737507844096,351667782
783724790423191553,21647998
783724807808516096,73998366
783724823214170112,36915846
783724837495648256,1365722599
783724839496404992,24226326
783724842684219392,64813290
783724879623356416,558124347
783724899013656576,3030563835
783724921558069248,2981781891
783724932152909824,749617020820480000
783725011320180736,21125943
783725015065702401,773983034467028992
783725028793659392,751274004879544320
783725045483003904,424769541
783725063229038592,437985541
783725068367036416,205701512
783725079859490816,424769541
783725084104011776,32078497
783725092232724480,424769541
783725097978769408,238803696
783725104895320065,424769541
783725106401083393,437985541
783725108695269377,130840776
783725129222107137,3119114568
783725134154608640,337999961
783725156287909888,179083387
783725165314240515,703264025010954240
783725174210387970,711232483396886528
783725179490996224,42556836
783725197954342916,3323235405
783725221215731712,702597680564809728
783725225674412032,766259231431548928
783725239947632641,1226641662
783725249359585282,301642455
783725251087704064,4821423943
783725279961198592,3288114332
783725279676133376,1205012060
783725291596156928,948880980
783725323846193152,772076862
783725332062842880,503486713
783725339398721536,220584725
783725345673351168,30094445
783725347464441858,400244959
783725349662289920,149170126
783725364472377344,89064820
783725376270774272,2740714614
783725427667771393,1670936288
783725434072666112,21393
783725494961266688,3961106899
783725511042174976,588097287
783725562489634816,707116852002947072
783725562531545088,825070002
783725578570469376,758010931452350465
783725628809895937,20693676
783725639794909184,1917542490
783725640562446336,252747499
783725640986001408,159121459
783725662666387456,62191031
783725666407706624,82167518
783725711810891776,16700510
783725714902228992,547045019
783725724792266753,23164547
783725726977691648,260936762
783725729687011328,288931091
783725748666392576,281763585
783725755205296128,777015972
783725763333804032,44928661
783725772209004545,1022293861
783725774389981184,20783371
783725778269642752,103994967
783725830799298561,243639047
783725848956243968,210009710
783725876579938304,78622104
783725900248539136,4788670529
783725905000685568,19841348
783725942954795009,612129565
783725946540924928,503486713
783725950148096000,3283849280
783725952757010432,59105524
783725981190221824,2431107054
783726061536309248,25641459
783726102355316736,2645395775
783726142884683776,15368940
783726172014125056,238712828
783726188455927808,255734349
783726203630981120,600367796
783726208680726528,63658695
783726216255639552,65484730
783726238686851072,834782888
783726244005228545,16305494
783726247486431232,4858507392
783726255304765441,14693709
783726268802035716,131031011
783726311818702848,762763868477071360
783726328256335872,24181723
783726376868311041,783003609977987072
783726416869416960,4861610493
783726417552904192,272153599
783726418672967680,527712401
783726446418079744,805392230
783726460993429504,783525862847152129
783726465141518336,883421593
783726468664811520,2381434507
783726481105096704,4879381395
783726510226169856,778738298428600320
783726520950861824,104576154
783726529809358848,4791035422
783726551020036096,19087651
783726595093692416,708805977718591488
783726604522557440,2557222082
783726606737039360,411073554
783726606636425217,238712828
783726609069056000,3162594446
783726614119063553,163115702
783726633656037376,267701559
783726638311833600,17167572
783726647446941696,157382927
783726652782247936,49082191
783726656775000064,2920659436
783726662005338116,281610530
783726666375802880,2670772172
783726668728799232,163258836
783726676572274688,711630738328829952
783726677562195972,2988912073
783726679357140992,2451379435
783726690849742848,19762480
783726726559985664,2450874772
783726738861940737,524395290
783726744205262848,35652699
783726746306838528,766370199633326081
783726752132653058,175981109
783726760584212480,19087651
783726776295956480,286618879
783726810382999552,3292111539
783726815571484674,253746446
783726841529937920,22858466
783726861662560257,24253326
783726865861251072,2557722756
783726880134266880,1196032788
783726891400167424,3233118721
783726892100808704,769336309701902336
783726894659141632,1849839132
783726901634408448,22806096
783726920626298880,25387734
783726941828448260,396902694
783726955375886336,234466998
783726960031698944,3430537311
783726982982955008,774670063727017984
783726999369953280,503486713
783726998967324672,14819311
783727013869813760,285502242
783727020723232769,1305192181
783727022371663872,3430537311
783727025890537472,36636139
783727040683999232,746727668603838464
783727054004953088,770325547494707200
783727056743903232,782344416899936256
783727064365076480,2548791199
783727084216676353,278071669
783727092349272065,299929232
783727117041270784,710183821120020481
783727128030302208,782652978146664448
783727152999129088,730119974413545472
783727158032158720,586165566
783727167649751040,16264607
783727168220045312,1592453774
783727179721039872,710829156624420864
783727182161948672,779495605362053120
783727208183566336,97035408
783727215674527744,187149099
783727219441033216,706839060711661568
783727231625420800,1482776257
783727231826792448,4549175001
783727259983175680,4311423134
783727267109232641,282261125
783727268501651456,751937333600014336
783727278706593792,124267704
783727290521833472,318044919
783727304174292993,703403075021582336
783727307714277376,22607317
783727309085814784,3019271376
783727329470132225,731312316621393920
783727363611910144,739944055241617408
783727380137381888,88427831
783727402744676352,2667470454
783727412265619456,11724882
783727412748038144,2451379435
783727439906123776,776472750
783727453604839424,367750490
783727461989163008,56111506
783727466124832768,2981781891
783727497309483008,3624657255
783727511410737152,1197603300
783727520382328832,3891108395
783727541118906368,345741212
783727558085009412,4788670529
783727562275053568,783001551690498049
783727563281760260,757284447918194688
783727563684220928,376876772
783727575776452608,1081566852
783727597863579648,705140392287580160
783727612740767744,3593561720
783727621427257344,22858466
783727635918495748,17012707
783727644487524352,3593561720
783727659058470912,748709680986267649
783727677882699776,1584732452
783727684408995840,272621101
783727701454626820,723985141077577728
783727713278365697,1419204781
783727724909199364,60587789
783727733696262144,469953868
783727741745057792,438040010
783727749848367105,703993657
783727784237596672,135575282
783727803149721603,400012618
783727813463539712,734566401172766720
783727820665126912,1406737567
783727868425674752,491074580
783727887564156928,763441320652251136
783727895571263488,180039330
783727898834468865,3284974008
783727919378161664,10289462
783727928567853057,994082870
783727931101097984,2491964094
783727932602654720,1903105045
783727933684846593,782998400841179136
783727940005728257,783002272104054784
783727945542021120,2254089072
783727947165360128,746024155695452160
783727951321796608,1536520302
783727967406923776,262834804
783727972519862272,1917731
783727974889684992,23890643
783728017818345472,410073869
783728019752058880,275678851
783728020041236481,299220494
783728039985152000,783324810470301696
783728062617808898,52874873
783728069416583168,51786528
783728085292253184,297670919
783728106016219136,33981571
783728109442904064,779378588957147136
783728132016771072,718202465036996608
783728137154670592,33292567
783728139964915712,2700057748
783728148793987072,34460094
783728153923432448,727988348984254465
783728161699819524,109953511
783728194339934208,713143138840403968
783728195841294336,262415429
783728235850952706,763736316869808128
783728245619380224,2925784304
783728278192267265,490742110
783728284190117890,240993356
783728303496724480,17109615
783728331770376193,3240759326
783728334152663040,2831991019
783728342780436480,28673900
783728343434887168,302911335
783728347536908289,50757255
783728356479016960,122263612
783728371079454720,738179424357490688
783728372132171776,16020526
783728413894991872,1108213482
783728419657936898,2385061622
783728433356353537,1411391310
783728439391952896,15496973
783728463987351552,1598812760
783728480806539264,1569192170
783728495356702720,139805230
783728498888237056,16314587
783728501790760961,18907301
783728532220436480,605027484
783728541607272449,2385061622
783728555674918912,586165566
783728582828982272,742014483258847236
783728587518185472,172524129
783728590026338305,917363497
783728595369721857,830659891
783728632371875840,116949923
783728642719219712,771019973107994624
783728643621195777,966385640
783728658523447297,24333875
783728675950727168,4777071
783728708938891265,3168223645
783728714735558657,490742110
783728724965400576,2316706011
783728739163119616,744950188557615104
783728742010982401,490742110
783728749938225152,2903272862
783728752312193024,35670737
783728760075923456,240472009
783728761229418497,300418374
783728761955049473,931067706
783728766728171520,741574646735220736
783728766359134213,782998400841179136
783728802010697728,1160201190
783728817164677122,54247981
783728833300226050,746727668603838464
783728833593737216,498859519
783728860441481216,12577172
783728862425296896,426361581
783728879751925760,376876772
783728922588549124,783011128683139072
783728925751017472,411593635
783728932889694208,23394247
783728940577939456,746727668603838464
783728941651660801,90522101
783728981157830657,3306078628
783729007254704128,760575027876077572
783729025776619520,22869375
783729027483701248,25207598
783729036304478208,2713094767
783729053899423744,433633762
783729091245662209,4901309855
783729100930355200,1573489183
783729101475549184,23028288
783729105778925569,4901309855
783729105829138432,403899803
783729120660324352,783012366455803904
783729123596304384,45049873
783729129082515457,740238342625890304
783729153510109184,754695799607595009
783729167955169280,770841665321840641
783729242857017344,603026726
783729252499726336,3229058694
783729253460434949,2645588830
783729271101616128,298856575
783729301665386497,116949923
783729354765275136,74291289
783729356417933312,723316579740573696
783729357663633409,19002934
783729363162238976,2182657752
783729377829847042,35867454
783729388068098049,297765074
783729390375038978,2920090255
783729389980753921,714403996870397952
783729417189064704,23880482
783729417449111553,116949923
783729433198952448,1350484801
783729445328871432,2383168520
783729445429469184,414374540
783729445756698624,2785029654
783729461455839232,4487940026
783729478811856896,706156588407529473
783729486735048706,2998317053
783729487502389248,14445487
783729489587175424,372240477
783729500794318850,136154248
783729514727796736,415895077
783729563939602432,2787477807
783729563931213824,783011261697126400
783729566808276993,768907298517377024
783729575343689728,410056274
783729586693558272,608305135
783729621355278336,3127709774
783729624136187904,56149176
783729668604264449,111600880
783729676443226113,426361581
783729718017204224,39324127
783729724014993408,746890271690919937
783729735306125312,1342089816
783729737537581056,174069619
783729741450797056,104397711
783729750057463808,706089998676721668
783729765589061632,776545690679971840
783729826314145792,18387340
783729835516375040,708011342301569024
783729837231906818,320608294
783729849684852740,885519764
783729853648539648,16727945
783729882001989635,227898724
783729895352504320,783010225615958016
783729934221148160,12354832
783729962796789764,64487506
783729983311060993,182513808
783729996883857408,57517696
783730000700772352,517707191
783730002499993600,31362263
783730007483019264,51873283
783730013346508800,80918620
783730034209132544,2557331785
783730046397624320,373017530
783730057181147136,24789837
783730058045317120,151178513
783730067440439296,358918792
783730067922759681,16226605
783730083752185856,2234112866
783730088726507520,862195752
783730094468632576,3399869637
783730137946652672,1360234478
783730148268965888,2581818314
783730152404455424,3314642570
783730186143559680,132958007
783730200043401216,599592758
783730199611539456,3107938812
783730215415668737,710829156624420864
783730219278487552,3250375531
783730222650707968,1786566690
783730241571201024,15987988
783730282230845440,766205722937921536
783730285531828224,704060092065423361
783730302015406080,107502320
783730305412763648,4842961565
783730334244405252,522670493
783730350874763264,737049621411692545
783730350816104448,2255567535
783730365869518848,131863936
783730382566928384,768907298517377024
783730394210275328,729489172617011200
783730400698871808,254835131
783730409175527425,418389641
783730425516531716,21129754
783730439089455105,339368864
783730444097519616,439593802
783730452473393152,4576799353
783730467899977728,758853975902871552
783730470160826368,709713896
783730479149092865,1592590002
783730490247307264,474482133
783730497776070656,2225323670
783730506911346688,14429117
783730511235649537,701846710381891584
783730511072157697,707959452750761985
783730515488759808,303383978
783730544836173824,311212745
783730559591780353,549572614
783730567456096256,28844869
783730598053613568,22459163
783730604965670912,3196949941
783730621780594688,3278965537
783730662985572352,3434206390
783730672036831232,70444608
783730693507547136,2212784544
783730699278946304,21976311
783730706845343744,376676164
783730765297164289,3433508079
783730764596801536,299427496
783730777284423680,769533635976310785
783730786524499968,703423517962797057
783730799266766848,162289385
783730809014358016,247872733
783730855030042624,846935101
783730860746952704,1517261017
783730864366559232,20645046
783730874965696513,782748679094558721
783730878581125121,19840846
783730891600166912,1075939369
783730906317979648,120877403
783730910562615296,779004736997470209
783730911401549824,324489515
783730911825145857,184791399
783730911921733632,2374048657
783730915914706944,2718236783
783730917420457985,503308612
783730949284622340,1424901937
783730963368947712,586165566
783730979471036417,96655856
783730982423670785,704056669651664896
783730983023456256,19111236
783730983292039168,23047147
783730991378694145,2926617481
783730994792718337,754609526897205249
783731024710672385,15694705
783731030171619328,2891047298
783731034756030464,211068552
783731035410313217,124898913
783731057245978629,2875628303
783731073624764416,324647339
783731075247923200,4595689636
783731112505856000,291657640
783731131422085121,21459949
783731162711601152,860382714
783731165383589888,757663074
783731170181836800,400012618
783731185050542080,372110039
783731194865197056,554007496
783731227161403392,390146596
783731236820910080,709796910001987584
783731242206363648,3298446763
783731245209399296,737728459
783731257737900032,3070427064
783731261533630464,12648862
783731284677885952,48200258
783731286988820480,15299119
783731300301737984,782748679094558721
783731308522504193,3122896768
783731308673527808,19807795
783731318387511296,771477986877005824
783731320916676609,271641029
783731339665170433,2926894777
783731383638302720,3435613942
783731384615526400,4687760371
783731387048136705,471324897
783731390760321024,318182225
783731400180699137,3294680056
783731405809475584,725354708014092288
783731420997058560,4159926435
783731518522875904,448104783
783731524604755969,58819354
783731561568927744,3277886298
783731563431419904,339332911
783731571228499968,706186209949712384
783731575728906240,542997188
783731591818412032,720524694139584512
783731601419149312,760853723052642304
783731604220964864,738187269417406465
783731618129129472,3347596630
783731619911897089,45455859
783731620419207168,93111391
783731624966062080,2688570391
783731628208103424,165039823
783731635284049920,180986738
783731638832209920,715421780140302336
783731648625909760,343012467
783731663511498752,4777071
783731666409881600,864819445
783731672965447680,22562658
783731679626014720,29976380
783731687368732673,20783371
783731707933396992,766484136244744192
783731709476876288,3235434890
783731716556849152,764244167513870336
783731718914240512,1646092879
783731719996182528,741122468987965440
783731669396099072,271653871
783731674827796481,4885189872
783731734990946304,1928003306
783731747997351937,20783371
783731753336836097,67328417
783731776225210368,2316267790
783731777365954560,1506556567
783731781186916352,3293536514
783731782269231104,719827581206446082
783731789588160512,4415764158
783731805933273088,2943012234
783731834685448193,97273575
783731840712441856,3612178577
783731840830103552,538481859
783731844646744064,61347805
783731847360417792,385703793
783731847809343489,884845076
783731857623920641,122445605
783731858227990529,712282022840938496
783731872572411904,119304655
783731874673766401,3362815161
783731879102984192,718987070
783731889567858689,40295239
783731897587204096,745277158235463681
783731904709332992,734769222576971777
783731935722037252,4851730959
783731960313155584,730071313080066052
783731963404423168,721982469017350144
783731983490936832,707363503494012928
783731990679945217,3573472936
783732003124420608,4070122007
783732036255174656,2660218092
783732054437408768,32452446
783732062528253952,4239434446
783732068375224321,400012618
783732115074650112,3001321559
783732124897595392,407065731
783732156463996929,404463989
783732195672416256,2639302925
783732229839151105,238873872
783732235690278912,115125517
783732236512354305,157879767
783732250009559040,2391980094
783732256347086849,93010609
783732278597869568,1649263477
783732281613615104,883563919
783732284180537344,725675970
783732284268490753,1656232657
783732298961354752,21921150
783732301507080192,18104883
783732340593876992,20942763
783732353415782400,65722807
783732374764781568,2468870060
783732393777721344,698562318351863809
783732402438844417,137527606
783732430813278208,1357779576
783732463864512513,192538987
783732488191504384,4193942273
783732516305776641,615372026
783732570412449794,133492265
783732578670874625,827902934
783732593682423812,376488013
783732599315390464,602397399
783732632869744640,37129155
783732640469909504,88762410
783732643007438848,4222980075
783732645716975616,780131266226184192
783732658777890816,586165566
783732676066877440,701212394794696704
783732702675603456,763461067171389440
783732705250902016,232031038
783732707180154880,101102058
783732718156648448,783509140450619392
783732722371993600,1605046776
783732723240341504,1665491648
783732744547241984,476413702
783732749802754049,1130244464
783732758191505408,2989982505
783732770782715908,48980630
783732786456702977,70804774
783732799597449216,4833128677
783732824079790080,17487721
783732824432050176,542090289
783732880606371840,720956109368897536
783732892882997248,718239605892497408
783732903544926208,467231947
783732907055644672,372496802
783732909110800384,1651506721
783732919051223040,88936453
783732924311101440,1898016314
783732927423246336,866854704
783732946528264192,4875119577
783732983106789380,766528288755900416
783733026131804160,3017400805
783733032956166144,704353869795606528
783733034361114624,716831863084490752
783733043009814528,66000422
783733058713358336,21485960
783733067407958017,4105076245
783733087981203458,71807953
783733094545252352,4804782861
783733127260676096,756923690009423872
783733150832877568,436360631
783733167710666752,14084847
783733176283766785,14578746
783733199537053696,35465166
783733269099577344,22067368
783733271049953280,237139744
783733279476383744,44772131
783733283385257984,42684497
783733320941088768,756251097354776576
783733343661678592,738962621362118656
783733347331796992,4839710675
783733378378072064,23098409
783733399462744066,3219392429
783733409835315201,757769602646564864
783733412838289408,4105076245
783733416089022465,2449860300
783733428214693888,783000564170788864
783733446296211456,2997027117
783733453246169088,202367059
783733461009833985,756567239302799360
783733470723964928,895747814
783733496195977217,158449295
783733507457548289,2225515496
783733511643471872,594822061
783733523010039808,3276608378
783733532170579968,2203708711
783733540378685441,2517116778
783733545697091584,2832767420
783733547857121281,3240776916
783733556984045569,16340092
783733564399550464,782990246573182976
783733577800355840,25300825
783733581441007616,2929001835
783733597450539008,1893174200
783733622343729153,748918727526133760
783733650244243457,714878737381101568
783733697916891137,771869302492393476
783733698755571712,3581716035
783733707777511424,22547284
783733720197042177,2497324297
783733743219531776,213165537
783733745077616640,149071484
783733747006844929,14789630
783733753151574016,16215350
783733758264356864,96939042
783733758755168257,2182657752
783733762047827972,3126905602
783733797674184704,3654554892
783733820293980160,1266062168
783733827172720640,764926848899944448
783733845078204416,9967842
783733848303697921,43642109
783733880226471936,2756275393
783733891320385536,713733295859752960
783733896592498688,3074679019
783733902338760704,2182657752
783733906537324545,2423296009
783733909183799296,23209549
783733921343238144,4788370779
783733966113210368,2744507835
783733990700310528,213165537
783733993665691651,99986140
783734009679515649,2549001186
783734028121743360,1381035156
783734039836524544,2147629573
783734043011579904,63972356
783734043095535617,945828396
783734069259567104,745750100937416704
783734070421299200,741707560516886528
783734074435248132,2992506227
783734077283119105,15238719
783734081154678784,453568867
783734097847980032,234824633
783734105573908480,704506110665990144
783734117733113856,768204297351884800
783734125295439872,521813572
783734127992377344,2497324297
783734135202451456,1665491648
783734152164089856,280740389
783734175262121985,1467926677
783734183948652544,2854588482
783734189770153984,237572596
783734194430095360,737654214831153153
783734195575218181,71807953
783734198578262019,312392496
783734212939558912,2424533881
783734215342952448,13415972
783734268446978048,364908438
783734297958162432,3654554892
783734379419807744,16051263
783734413100191744,766205722937921536
783734418569474048,145778731
783734436374478848,3373447595
783734445610151938,14298231
783734458595872769,2639076878
783734501759266816,3992370797
783734509070065665,348708535
783734523007758336,722481256512901120
783734546722422785,285434613
783734565051432960,111412750
783734567287029760,88269046
783734568998187008,750611659
783734570235662336,353641153
783734575390425088,2926617481
783734581933465600,871823742
783734584353574912,612373254
783734585733505024,299477394
783734586547154944,13111362
783734610219917312,4237958309
783734630620893185,712639018534461440
783734677148434432,328826963
783734676808691712,559645321
783734698560393220,17139147
783734707913646080,115681686
783734755472748544,1597349443
783734757603569664,741841606521847808
783734783910223873,703064302694113280
783734787500601344,2680692781
783734794559582209,766318102577577985
783734803212472321,721002648288292864
783734836485914624,752722556789067776
783734853183299584,322074102
783734858371723264,747579529
783734860590579713,153962515
783734864537354242,1663695577
783734866718392320,339187646
783734884179316736,97710257
783734909852463104,3041636803
783734932719960064,885988669
783734938516463616,16245688
783734944485019652,13468272
783734953330679808,535878997
783734959156531200,3487078280
783734998037827584,460406248
783735015716728832,3011269928
783735015808958464,216044706
783735022910001158,1416939186
783735064307732480,750880737151291392
783735069777223681,3259764237
783735073380167680,2179683128
783735083811299328,276190334
783735086504116225,702864948691607552
783735106125045760,781149036338302976
783735124433047552,223575889
783735164149100545,19290986
783735199095894016,2164770253
783735198349348864,17388050
783735238178373632,28288827
783735279320338433,759545392232931328
783735293786542080,16026053
783735303404068864,412844800
783735315303456768,751264494970474496
783735365492289536,4700267755
783735376322043905,175139115
783735382504374272,2521215565
783735386745016320,134542611
783735403924885504,2189730625
783735408047906816,3192771663
783735410455379968,707363503494012928
783735411860439044,2836937273
783735422484480000,51570590
783735430676176896,774438134859833344
783735445003853824,4822683460
783735454390624256,312039297
783735461533458432,2936477807
783735476771491840,709904809684369408
783735479929753600,52582813
783735480613351424,42684497
783735486317723648,2466761258
783735494555283457,3313959727
783735508585287680,72929980
783735514734088192,2604272648
783735533671297024,756124598408577024
783735558380019712,17258301
783735601119924224,3299958235
783735605674901504,7453822
783735609047199744,771803793520418816
783735618824130560,2354103552
783735627523121152,1096391642
783735662524661760,789997566
783735700348887040,3982451952
783735711652425728,2374197921
783735737363685376,65400046
783735768766353408,752159830605983744
783735802375368704,214144805
783735850072936453,759104387755147264
783735864341958658,3349071273
783735878984228864,760172039525150720
783735878762041344,65075709
783735889004470272,824450408
783735944784609280,124628878
783735947254988801,714115470731784192
783735956159492096,19788697
783735963339993088,120877403
783735973842673664,703438126014971904
783735978523496449,3426962757
783735990712164352,32895694
783736011444588544,21587082
783736011444588544,21587082
783736020642697217,32686575
783736028028895234,781228050344189952
783736049499377664,32686575
783736052963876864,15447275
783736066125594624,1928561437
783736076716220417,4856285775
783736117719867392,735542911132110849
783736151932796928,280082481
783736156286398464,23328193
783736164067008512,32181402
783736221579223040,2169510360
783736234292023298,1429546334
783736238599761920,354248645
783736251102801920,72354794
783736221579223040,2169510360
783736299203104768,2575614604
783736307189178368,490016840
783736339594305536,2957644256
783736343138562048,4244457140
783736361861812225,400150038
783736372196552705,18558809
783736412701007872,40821929
783736443483131904,23394247
783736451812896768,3305150967
783736460906225664,443813947
783736469475069953,36759251
783736485539409920,46819088
783736506452021248,1942795381
783736562429198336,1173867464
783736596352819200,3017703114
783736646890061825,90739070
783736690410033152,2992034264
783736694038077440,2992034264
783736698450677764,702842629222957058
783736700392640512,733475853045272576
783736716276342784,148003215
783736731069665281,278328367
783736764892446720,347449468
783736769485430788,2788618302
783736776535965696,751362697
783736783171444738,15439100
783736790314262528,127260100
783736796664500224,2376426392
783736798702931968,103144765
783736832320077825,26507794
783736848120152065,702842629222957058
783736878264705025,739469799462449152
783736883813711872,39911730
783736922472538113,3061928269
783736954496098304,2493528643
783736984477003776,783476734947622912
783737019147005952,24516301
783737068149051392,3422870493
783737085194752000,3721957513
783737124717670400,60968019
783737142337937408,67320040
783737143340380160,321353408
783737146813231104,28018958
783737149052956672,101764187
783737152613982208,250167270
783737157802266625,1477806830
783737167411449856,426401490
783737169202470912,250340295
783737170339082240,450937658
783737172515893248,468115043
783737174403325952,1657453448
783737177251254273,1598724763
783737179302264832,307901275
783737184310267905,338908339
783737191956570112,760593627403857920
783737193294548992,487540404
783737208595361792,2321934043
783737221480275968,378293481
783737266325905409,1184296500
783737294012485632,713114100310605825
783737305018228736,16635063
783737317760593921,213083367
783737320855920640,760089723893194752
783737326874787840,435521563
783737401961279488,15030275
783737468621197312,29890099
783737471397945344,2681121779
783737488003198980,318562573
783737504319037441,4397026697
783737559524311040,760707770
783737565333643264,3396688756
783737591459872769,1216957579
783737610674012160,20720763
783737620576763904,29570023
783737639572606976,3268033326
783737673328373760,3870717493
783737678193831937,613810928
783737703183454208,3797287649
783737718446682113,22510976
783737728273756160,116235612
783737747164975105,4352211996
783737747651514368,3220976756
783737748872126464,291985660
783737762914729988,2749184374
783737813531451392,2221695007
783737954103504896,41393941
783737980204744704,2510480564
783737991252611072,771795931637379072
783738038690127873,758361693877665792
783738053064003584,2147629573
783738104322469889,886857846
783738130860019712,2907752399
783738159578382337,2485706130
783738223038230529,259974035
783738231477170176,2651936329
783738235797114881,63972356
783738267493687296,224286721
783738286799884288,595009255
783738309663002625,704853530981462016
783738389828866048,2504923600
783738413434310656,897841765
783738454999957505,22623542
783738467763183616,2495504202
783738467859701760,4854937043
783738484020355072,137789852
783738501594435585,297443753
783738518564507649,13139982
783738527666147328,385119045
783738580044812288,1894404925
783738598092787712,22873285
783738622440857600,484058345
783738642267156480,2812638431
783738647556214786,47818632
783738648466427904,313491238
783738714685964288,63351677
783738730158837760,4147240349
783738740925661184,416695772
783738784831549440,2442805448
783738789172645888,2818143486
783738793585102848,3011582208
783738808231534592,510609255
783738815831613440,26578134
783738818058936320,131129676
783738821246590976,62074317
783738841010212865,2147629573
783738841018630144,394334112
783738876447879169,1250658326
783738916776112128,137789852
783738958555512832,598549765
783738991455731713,20489855
783739008002187265,559645321
783737229449498625,2663516173
783739054659670016,4075732336
783739103984648192,3192506298
783739123693608960,378024494
783739131125837825,106246857
783739158825144320,729066923594518528
783739164672061443,275690545
783739180346118144,154131461
783739199920889856,2451426378
783739205931397120,1144155792
783739223757115392,518937190
783739245122859008,3302622625
783739278052331520,126849069
783739278996148224,782956152514543616
783739305562734592,1431345054
783739307513171968,512592336
783739309841125376,3033332436
783739309673353216,1917731
783739316333752320,767827217787211776
783739324705546240,897619242
783739344800522240,2977423512
783739345673023489,241776425
783739356502642688,102178410
783739358474010628,3373398734
783739415948562432,47445687
783739423196377088,724050768106500096
783739442385170432,2768203423
783739444360835072,2768203423
783739476203872256,2360602320
783739482847805441,4885097979
783739485137829888,1235373914
783739488262643712,723316579740573696
783739546336911361,716007822379630592
783739552624029696,54051774
783739572974788608,627053327
783739576410005504,745045991733100545
783739580717465600,24296565
783739582797996032,35567361
783739590691520512,2707748630
783739594751610880,3250894425
783739645741838336,2322782372
783739702100701184,704353017106206721
783739709746876416,932944808
783739715136520192,19429449
783739735332179968,19341224
783739743376805893,2953302671
783739774620295168,4647876373
783739809965740033,3442299555
783739812373291008,31537662
783739815254720512,560016758
783739820996694016,4324197732
783739833910820864,702104862671159296
783739837379514368,702104862671159296
783739853099798528,1577923980
783739902630387713,74307371
783739929213935616,103449069
783739955709374465,843665610
783739960608354304,724050768106500096
783739971664351232,3544386553
783739985878974464,780390730254737409
783739988638740480,991529810
783740002660327424,96133244
783740008943542276,16189761
783740009132220416,807998719
783740011330072576,770570639497371648
783740016178634752,875308884
783740016694480896,29614853
783740017055178752,4847305831
783740068766715904,745439009770344448
783740070238965760,635375513
783740085841735685,3251161364
783740089398468609,2180959435
783740100165316608,4875977234
783740104988696576,381829463
783740125272428548,38100396
783740133937909760,729381683724701697
783740141265424384,3953636473
783740143421227008,329412282
783740158361243648,2713900716
783740159640608768,241776425
783740206834786304,977168498
783740230843105280,768132771189587968
783740245363884033,513692710
783740261536890880,994053811
783740266234589184,356028069
783740300711763969,2360602320
783740307267399681,2544629845
783740310270701569,17167572
783740313500213248,743163666
783740331514818561,2341977604
783740335641989120,19535737
783740337001037826,409354503
783740351597064193,70320954
783740373764104192,728799704
783740378746908672,109932163
783740384811687936,742181053599645696
783740387911430145,575619920
783740389110853632,229010922
783740394873901056,3542510533
783740405712056320,1713044642
783740417841983488,17770592
783740440419807233,487038869
783740453866774528,714479521
783740458841309185,3258056286
783740471398969344,450175203
783740493402300416,2450202811
783740496283742208,4845727212
783740518408650752,172062059
783740531419582465,2214155996
783740535164940290,65699341
783740567381381120,2619593276
783740575073927168,15529625
783740634276454400,14677751
783740682796199936,3644789603
783740711317282816,109137637
783740724663554048,738803960811655168
783740737460600836,723169605234110464
783740741705084928,586165566
783740751087865856,3529564162
783740767105716224,23285586
783740770578731008,21189330
783740796067454976,2361888540
783740797866967040,589446796
783740807677353984,171504121
783740836135604224,2494013124
783740840820834305,759825797687353344
783740858675888129,180864472
783740863079849985,81895215
783740878355570689,717698852275503104
783740885393702912,45898880
783740886198857728,277831010
783740899905921024,109188899
783740918239207424,1866192355
783740926971617280,715242230496120832
783740944747200513,4857709263
783740962426138624,59370266
783740963168530432,96133244
783740996454535168,3269495126
783741016822181888,44014446
783741028817707008,594180221
783741029090340864,17012119
783741029614694401,14209883
783741033859391488,30273954
783741042453520386,718004031327698944
783741048371736580,3407879860
783741166026010624,3387941474
783741148233814016,758337585223569408
783741135890051074,45455859
783741222322073600,715250678390718464
783741228030439428,1972748684
783741252038602752,274684085
783741261098291200,874763028
783741207495184384,2557722756
783741285718974464,3192040780
783741317448728578,173908484
783741348297834496,1972748684
783741373841182720,623057838
783741395727036417,190931694
783741429008826368,709907306255810560
783741453755228161,4175281287
783741477239259136,2352747468
783741483274924032,26550151
783741486798032897,3070524548
783741491155992577,342942805
783741492233838592,3352240999
783741501599645696,706958290287255553
783741513524125696,35165115
783741517064052736,15894895
783741521262682112,2546794837
783741526014779392,2153389358
783741559078518788,782686121247461376
783741568062808064,765406239236902913
783741573595103232,332456307
783741576723959809,765406239236902913
783741588379803648,544779791
783741593522016256,2919651314
783741606377717763,704314751191486464
783741628221681664,374104340
783741641303527424,562560257
783741658777153536,325031833
783741658026258432,187059363
783741661042147330,532209187
783741670701486080,25522789
783741675101302784,702960609990545408
783741677001248768,711305198421946368
783741685192921088,30240890
783741696844636160,291428997
783741714754310144,787990730
783741742843588608,4675249728
783741744168988676,3115031242
783741751551004672,423554682
783741762795823104,3309829364
783741769468915712,4270034653
783741781586227200,703335845269368833
783741784245567489,703335845269368833
783741817397194752,4913913182
783741835445411840,2551668751
783741838679085057,3127709774
783741847281827841,291428997
783741850439999488,2235007050
783741852809891840,110421556
783741857050177536,131188968
783741893880389632,4270034653
783741916621840388,2358466422
783741918924705793,1643167080
783741956543307776,108132856
783741957977755648,54532296
783741958682398720,159677342
783741961677053952,187059363
783741980320800768,20404080
783741986134233088,704461995643375617
783742043910582272,4068198615
783742044841779201,3859781662
783742080900268032,2321443602
783742087510523904,3245507829
783742105738944516,2531330207
783742142074060800,800582840
783742149166788608,600394776
783742159753281537,395650216
783742211859050496,534703497
783742214509727744,757499077781098496
783742217248702464,163635087
783742218699960320,1397549442
783742225452859392,706189400829513728
783742269652295681,758732497634992128
783742293861928964,416312423
783742299113000960,4890981267
783742318021079040,17760789
783742339483176961,871194186
783742344231325696,1345660627
783739373896564736,763736316869808128
783742354419281920,3664920377
783742364045017088,57198462
783742376317710336,318694851
783742380063150080,838627057
783742381485125636,4311423134
783742404914401280,2746229537
783742416159256576,304259639
783742464364380160,2351612082
783742466247659520,19877587
783742475919761408,805905864
783742517162291200,288097683
783742518479491072,130620533
783742561403842560,4551465445
783742561194221568,101694379
783742572409880577,441004831
783742583587471360,194825350
783742586880192512,3311630006
783742589426143234,20549992
783742595289714688,710470163057999872
783742604215144448,1350989725
783742665196056576,499028306
783742675610501120,376207492
783742687690141696,818158974
783742694753460225,26487878
783742703397838848,108012983
783742730904174592,747385592481189888
783742733546553344,3240635093
783742740727226373,2742394456
783742752110424064,350574616
783739651207073792,4312923269
783742784796778497,403695489
783739668164710400,4075732336
783742816933416960,1242171468
783742829117833216,704369721236262912
783742906225995777,898728732
783742907719245824,182467615
783742914795016192,2852074465
783742926425821184,302726162
783742930259415040,768290661644640256
783742973490057216,755956786545373184
783743019388313600,19524953
783743048354324480,1323888210
783743077034917888,34499984
783743098518016002,24523817
783743098681720832,234642014
783743134798901248,1884192906
783743149705269249,3309829364
783743150628212736,793880558
783743154801344512,3647423237
783743171771576320,140373488
783743192537698304,2330881664
783743202176163840,40954582
783743214247350272,83415919
783743246459699200,1907943324
783743247323533313,507662840
783743246258343936,1211999354
783743302608809984,312211702
783743310661873664,459755673
783743351988244480,198320543
783743371323977730,540390659
783743373186170880,309919121
783743421957758976,4279395148
783743446943080448,3222807427
783743453725196288,3953871255
783743459970707456,47694347
783743480392585216,2513881490
783743496192569344,186602385
783743497203363841,2980625739
783743502920196097,714808901271560193
783743503863984128,467231947
783743524831461376,3012439545
783743526760701952,875942989
783743544339132416,111645399
783743547212111873,767036004
783743565910319104,12146652
783743581878046720,391159218
783743586261209088,285502242
783743591407583232,751132059536687104
783743601004064768,2230176678
783743609589739521,312848382
783743609723949056,722119464263680000
783743620805373952,2421228369
783743635686694912,774747390771339265
783743636483608576,704369721236262912
783743661611909122,2321482045
783743670239371264,738580093866385408
783743674882621441,191206452
783743718440341504,2949311052
783743734701629441,1031960270
783743738673672193,294444192
783743749914554368,2329435819
783743758961565696,3219771793
783743773394214912,23394247
783743794432712705,20830711
783743793279410176,190017774
783743800678109184,777909664188997638
783743811742818304,764333844
783743828733882368,1011445082
783743831388946432,926359914
783743854734213120,972549145
783743863529705472,2764850480
783743869355646976,724258035107917825
783743918433144833,2972957083
783743916323409920,757986507047206915
783743941669564416,57461026
783743967384985601,715752927755943937
783743971008847872,716835652701007873
783743972992626688,1494071780
783743981855399936,2951936199
783743982840926209,2421228369
783743987429539840,2272001320
783743998682861568,709036278990381056
783744018316337152,4700267755
783744028051255296,2347115762
783744030769381376,2557222082
783744063715565568,15997373
783744063367421952,3192848121
783744075321278465,4180352153
783744099903873024,2197108820
783744111580942336,190368062
783744148683821056,735961524934746113
783744202089914370,173831487
783744202458882048,31223236
783744234843049984,704474371105009664
783744235795320833,225404331
783744240148852736,3127709774
783744246100664320,4656913473
783744250676645888,354631659
783744254183079936,4392233374
783744259480354816,4856138138
783744263938973696,2957796468
783744265197277184,3295642880
783744280011673600,259953451
783744301461147649,2427001231
783744307173830656,738130106028167170
783744312672604160,179280878
783744379177402368,775357246381383681
783744379991289856,1011644822
783744385724850176,1594517540
783744417001828352,33811812
783744445162237952,2338854559
783744468444995585,743181738801762308
783744478171594752,1375226216
783744489731067904,758331095679107073
783744507925897217,437697278
783744519921467394,2347115762
783744522245271552,3126563358
783744536279384064,97452920
783744562326040577,3384716398
783744580445347841,1559069198
783744582202765313,3141048307
783744587361845252,724050768106500096
783744590423658496,243277406
783744604545781761,749758805920059392
783744607792222208,2235007050
783744608236924928,752489523427307520
783744614758912001,705441738391838720
783744616386457602,900452192
783744617313292288,116803100
783744616877228032,747876175247204352
783744618852671489,457664731
783744619678879744,335721343
783744659596115968,3956151875
783744663924699136,3026020697
783744670920826880,766964096126320640
783744670736101376,779728567773061120
783744692521316352,344786390
783744722984579072,758429841972686848
783744736809058304,3044596275
783744751363391488,35376667
783744787010560000,258586112
783744786616299520,217630848
783744815351627781,379851447
783744838042738688,2347115762
783744861254017025,210103294
783744865657991168,719029590144864258
783744892338114560,444268755
783744905021501440,14555303
783744906455977984,55679493
783744907122991104,2753220014
783744921706651649,2445760662
783744943445700608,782722070413213697
783744973225066497,13564092
783744991529201664,732388003
783745009891749888,516896033
783745012286697472,709462701693493248
783745014153121792,154248247
783745042225725440,2993975016
783745060911325184,2574890070
783745067186024449,22749718
783745082184925184,757769602646564864
783745088451215360,32780257
783745090565054469,3294049086
783745091802312704,718521822480875520
783745144424173570,2744499831
783745157640237056,77644667
783745190515372032,2756749971
783745235994181632,231816562
783745264699834368,59370266
783745265064783872,18465936
783745318424711170,608305135
783745332094066688,28309354
783745351828148226,758533677668143105
783745353057263616,723561295706873856
783745376264347649,737503514
783745388843073536,2297450569
783745410036826113,706627706956414976
783745425064939522,53056220
783745444014948352,423560041
783745450474082304,3192848121
783745495256752128,61305465
783745504597405696,264478693
783745546813005824,18336239
783745554513694720,759039053421355008
783745555537289216,727328316345208833
783745578907803648,565886416
783745611094831104,763155212596973568
783745625640824832,31257946
783745629218545665,279217061
783745661003071489,100315921
783745684591771650,327142489
783745703403073536,984657818
783745703147438081,767014248522231809
783745719266004992,248208545
783745730611597312,4826565326
783745762542968832,4180352153
783745769484541952,746116280856514560
783745786865647616,708178349
783745810320076800,42912666
783741920728276993,16687624
783745834873520128,100832012
783745864963469312,3237290462
783745881988366336,774507664776855552
783745890322223104,90280824
783745919174926336,527599017
783745921376849920,761253688308404224
783742120758800384,250755481
783745927320367104,620640900
783745933892734976,21987707
783745934295392256,4898943014
783745954142834688,767904498832605184
783745958555295744,50608221
783745978855747584,36349535
783745983939215360,2581058593
783745991065362432,563997163
783745996136284161,490306622
783746005615476736,1320734600
783746022728237056,19513786
783746038947385345,699118980515016704
783746046736203776,4858835415
783746065132494849,53595756
783746092248633344,2613516153
783746099337109504,1885418059
783746128957222912,48746550
783746141619884032,1534362374
783746150503292928,758429841972686848
783746156325142530,2862575417
783746174620663808,373623569
783746191523667969,20989830
783746217788309504,286840556
783746224730017793,342975771
783746226625929217,735106615104393221
783746248935301120,2691408012
783746250361405446,718834655441657858
783746251393236993,386215505
783746265309933568,2792916099
783746289313914880,1918053272
783746304010625024,769561057048211456
783746356884176896,3647359460
783746377352306689,712282022840938496
783746380535832576,2723217944
783746397111742465,783316735172698112
783746424584474624,759098060
783746426312548352,46465179
783746431081406468,731895568197398528
783746434852065280,136750723
783746436412350464,965449561
783746471208161280,748767585458458625
783746484646907904,761252506836013056
783746497246482432,702538484679057409
783746519438614528,758709471069831168
783746538765815808,710907035441881088
783746543962558464,511951663
783746544818331649,706189400829513728
783746599671312385,53531020
783746600791187457,234126951
783746623251869697,2316367345
783746650254761984,4839750759
783746657720627200,4691618406
783746681586094080,1727335976
783746682353836033,558911366
783746684333486080,1897239480
783746692785070080,2723217944
783746733998235648,781324633089904640
783746746606247936,180242950
783746746480488448,198441465
783746767602880512,3237290462
783746775630876672,4209505221
783746802805858304,2950221873
783746813660499968,14469859
783746823185772544,16452204
783746825568161792,2660218092
783746834124582913,20200651
783746838218346496,848614430
783746846799847424,1265377520
783746888935759872,413315050
783746912868446208,617619927
783746932908752896,18086313
783746954807373825,241583780
783746986461765632,115681686
783747006539960321,454427742
783747015574364160,138228030
783747038806732800,111464203
783747067143331845,68032331
783747093127057408,2884845544
783747102522372100,3523621516
783747133413306368,19615940
783747144322809857,3233575504
783747161225826304,1350701821
783747166015598592,3839070432
783747170688086016,25363146
783747177998786560,26652733
783747180863557632,771795931637379072
783747191919611904,272201846
783747217987436544,2557722756
783747221984415744,873587658
783747237243387904,751884279337086977
783747244394704896,2555646577
783747262287450113,3942333433
783747262488784896,1173225679
783747264896380928,1972076252
783747269052870656,531482624
783747351001399297,35216825
783747367375740929,4909691868
783747378943778816,765712295297183744
783747383519608833,769379882728091648
783747392935911424,510609255
783747424519008258,765842268
783747424519008256,135984761
783747427643846656,705540351696773120
783747443502358528,768098547770068992
783747465681989632,15104107
783747469708500996,3439408259
783747486422708224,4838520568
783747490889687040,29826440
783747514818146304,3214828976
783747521176739840,729897050913923073
783747523907321858,3093336035
783747527967473664,761570018157031425
783747552101281795,273211520
783747585324429312,1324903004
783747597986955264,909429824
783747607172710400,776542546763849728
783747611740213248,105604742
783747635249156096,163813257
783747655226712066,1190576539
783747657843867648,473279639
783747686461763584,3647359460
783747708926369792,707680772266659845
783747715029098496,469401044
783747723052851200,761439389364826112
783747733492473857,742817087815487488
783747744603209729,771068153459859456
783747749175001088,110769384
783747768619851776,1240232587
783747786651144192,360925231
783747795442290688,3651026791
783747817697271808,1566416701
783747819681132544,752217471181086721
783747828375969792,3419514238
783747843756523520,757827869200429056
783747844532494336,106143948
783747871753527296,589375768
783747885317763073,2450202811
783747907866521600,115681686
783747911532380160,2772932936
783747928753999872,48223373
783747945019695109,109431937
783747947330609152,773319233585319936
783747963961114624,3368482106
783747965445898240,50113173
783747969619152896,34943702
783747981170257921,4886213447
783748013164408832,732990697444253696
783748020634521600,36892347
783748034870009856,782350574360616961
783748036602232832,512118934
783748054713335808,1679636449
783748074082537476,31025367
783748076125220866,823449859
783748093149716480,78831504
783748108622635009,57325235
783748116973510656,718202465036996608
783748115211976704,4224729994
783748118563086336,106274794
783748119334748160,1318272324
783748135919190017,2557222082
783748146870493187,302948564
783748167972126720,157728787
783748195813888000,17770260
783748198502371329,3135660532
783748218664292353,32522055
783748258090725376,3309045966
783748262339772417,211342036
783748300730228751,113700320
783748305905934336,113700320
783748313283751936,363761111
783748346380886016,180986738
783748348801118208,3107938812
783748362977718272,730865469062680577
783748364240322560,3377656947
783748367339794433,294559888
783748368078110720,111266876
783748370179379200,4075582846
783748391528378368,3074789990
783748406690869248,3357984478
783748425275707392,3934671503
783748462663925764,782686121247461376
783748478019244037,2889601750
783748487250784256,2374469136
783748505034559488,728653532635631616
783748516388610048,263504882
783748525473488896,3433508079
783748535204184064,711590141584936960
783748537125404673,4472470361
783748543102132225,12980002
783748566737047552,766735508865032192
783748593601699840,3156705035
783748597888061440,1228892215
783748605773484033,858746053
783748612509601792,2434391871
783748615529455624,764201930
783748627474685952,266243059
783748627785211904,21416153
783748628179329024,2268344145
783748651315179521,115659661
783748667505192960,457743272
783748670277595140,3480227655
783748714510839809,1591988317
783748715458785280,772893590515310592
783748717077749760,2636675022
783748726368141312,3406085129
783748732835753984,2660101566
783748760497106944,180986738
783748770425020416,176678019
783748786665422848,705440541291503616
783748791681908737,78497883
783748805598380032,2874567659
783748813462855680,2307807086
783748821704552448,764116401837649920
783748822115749888,43341535
783748824082714624,764862427594842113
783748839182327809,4896808247
783748861344882688,778273447109505024
783748886150000640,109192303
783748902767960064,712634960281223168
783748904437284867,2255656483
783748941145866240,1678010712
783748954731143169,3066795690
783748981482401793,21348611
783748989669834754,1270536468
783748997995429889,83312898
783748998393757696,777760152984236032
783749004676964352,103408467
783749006732111872,294836630
783749008841928705,23332368
783749056044630017,569564961
783749071517483008,735165762
783749133781774336,1650323768
783749140815773696,152208943
783749142623297536,808801692
783749145865486337,31223236
783749154547695616,759140886638792704
783749168271532032,42531027
783749168741384192,751741017511124992
783749177780084736,124808478
783749185115914240,728693384
783749196776038400,2868389650
783749201876377600,302555989
783749213540712448,907877797
783749220889161728,2205992556
783749224697516032,16974957
783749234348527616,16290495
783749236122726400,782454365860859904
783749256049856512,2356923252
783749257140592640,3369925198
783749260470779904,238958846
783749261921968128,705589955922276352
783749264132366336,2555726347
783749276224544768,3311840432
783749280100065280,827479862
783749300287397888,339177789
783749308487086080,35456542
783749316519211008,24493424
783749324257710080,2742139077
783749354871885824,2938945290
783749366716792832,758346952643936256
783749377856864257,37457035
783749385737924608,710088641243123712
783749402330435584,3309045966
783749413667639296,24109804
783749419346776064,542918338
783749422303813637,4910270788
783749435884969984,192099347
783749438141501440,377773483
783749453383557121,43590688
783749457842102272,23982670
783749465643610112,3686178436
783749505485271040,63658824
783749510929448965,743437736477097984
783749532160921601,85466292
783749549605126145,3132898530
783749581381201925,708755724743122945
783749596803571716,53265271
783749603132895232,2302191793
783749618903289856,762801097018781696
783749622791483392,783274511550427136
783749627887575040,2557439485
783749647969902592,781920457553354752
783749651493064705,36303972
783749653036732420,3518486666
783749660670210048,37429421
783749668173975552,4352293774
783749678944878596,267179058
783749681302024192,731264289579798528
783749692618399744,724293144779563008
783749708762140672,3061797379
783749709747793921,2319748070
783749710871928832,765936585841991680
783749723245064193,802584787
783749730790674432,2942141594
783749763980079105,37429421
783749774449213440,758709471069831168
783749800344875008,4896808247
783749816278999040,766205722937921536
783749822536744960,739852455739957253
783749836176822272,805183321
783749839502897154,417441631
783749839318315009,1596757705
783749840593444864,625706391
783749846754734080,734424985058451456
783749866044452868,758337585223569408
783749877482348545,2875794723
783749891428388864,3929940677
783749907869868032,2171200586
783749912546738176,19423796
783749914660630528,50010587
783749920243093504,230851723
783749936563101697,166261211
783749942057721856,4011800885
783749949187960832,37429421
783749955517161472,69963323
783749955773169668,332278703
783749972512632832,739086070457962497
783749981010296836,4704024206
783749985531637765,782454365860859904
783749997766463488,758789247306313729
783750014921216001,42910675
783750024383467521,37429421
783750059095564288,748168857831956481
783750059720478720,722481256512901120
783750076409577472,82633445
783750080646025217,715298845614276608
783750083627986944,2152879356
783750089760059392,961708938
783750142801371136,4258194688
783750147398311936,1146809210
783750159280836608,1865621094
783750197751013381,2179683128
783750199084744704,63884692
783750228113580037,383903519
783750234971209729,748253412064636928
783750284833095680,4407386434
783750292391202816,2303751216
783750295092236288,963176808
783750302985924609,328657595
783750312100114433,265247535
783750314809843712,125674137
783750320258158594,326134925
783750324959977472,1446880194
783750331867987969,766318102577577985
783750332048375808,3162853197
783750345902153728,912583795
783750346678018049,756972232690110464
783750375341891588,709133160437686273
783750376151408645,211990186
783750377510285312,2320824263
783750384586199040,4258194688
783750385328500736,2581403106
783750385483837440,764137376272613376
783750390286323713,19884044
783750411912183809,24358319
783750412377751552,782656941591965701
783750418320936960,2868389650
783750435454742532,24358319
783750453435719680,728299939248361472
783750464739299328,4719414373
783750480363216896,24358319
783750495475212288,636719366
783750500948869120,721241231
783750507890442240,775119608751747073
783750516232761344,576722197
783750516635467777,325817678
783750520372600832,1660017019
783750535933419520,35028052
783750536822743040,1074278209
783750546998104065,153177381
783750553192976385,730865469062680577
783750555013419010,366660947
783750557416632320,2759303384
783750579696836608,32895694
783750599284101120,1376536760
783750623690907648,16571969
783750638723145728,155174507
783750655848554496,769724482445385729
783750662777602048,1119818532
783750667328327680,3290881694
783750674915987457,306436335
783750677356883968,2768393023
783750683635822592,4150018537
783750687809150976,97669212
783750701533032450,710088641243123712
783750702573117440,48866739
783750707933433856,64885719
783750715407798272,1687583504
783750728435236864,709366453531774976
783750731337699328,893221620
783750790385111040,712762661776322561
783750792763154433,748168857831956481
783750794004697088,21553544
783750794361368576,1945502046
783750801839710208,2223064093
783750815466987520,1411271557
783750834819661824,4799941759
783750854897758208,149192203
783750872417173505,737298327335751680
783750888678682624,1317538178
783750890310295552,4874672487
783750925416538112,57756087
783750944550887426,2704027533
783750945767170048,25456537
783750958077452288,44635670
783750975873888257,737298327335751680
783750994848993280,1409535590
783751002008596480,2533382713
783751015539572736,545128446
783751017787592704,81044595
783751036968198144,746520835502989312
783751053925879810,783166692386082816
783751112708886528,94158678
783751116043329536,17487795
783751136004214789,27330727
783751136373121026,542918338
783751159907438592,319989267
783751159500668929,1242190802
783751170196115456,338567078
783751199627550721,4822119385
783751200072200192,15741370
783751209379246080,2813036958
783751227230203904,519282884
783751250105991168,304564177
783751259731800064,782439353645576192
783751273925402624,3009577536
783751274844004352,704001287356968961
783751279591821312,22946435
783751306007617536,1905590354
783751317315465216,2742139077
783751321476337668,742064138390798336
783751354296651776,778521128293830656
783751367705792512,564987535
783751372546056192,767921409678987264
783751375628926976,314016613
783751395673464832,29770676
783751427466244096,3009577536
783751434944688128,760162470367404034
783751438677774340,256394243
783751443958358016,704997460016549888
783751464355258368,2189286606
783751467383554048,740875716062027776
783751472286535680,893903203
783751486761267200,1328158957
783751496458309632,729950129923489792
783751506134601728,715445893810368512
783751542327345152,757447030801260544
783751545359835137,62747463
783751550124462080,206595216
783751558831800320,576801455
783751567174463488,1151823614
783751591576887296,742064138390798336
783751598438699008,24981350
783751599214780417,49931341
783751600024281088,2257455369
783751599864877056,23394247
783751603698270208,801558991
783751604658855937,346037045
783751626829996036,1844541786
783751636091043840,737348402367844353
783751648199974912,4713781547
783751660195549185,1343174804
783751677237137408,260718084
783751690335821824,771487168367734784
783751706349867008,763461067171389440
783751727715581952,1230073848
783751751828639745,26021608
783751757079994368,14093404
783751765397086210,23719539
783751796216983552,217503637
783751818262085632,130540691
783751831839186945,239571551
783751834326360064,399745111
783751846405877762,757204310836977664
783751847584468992,1066855388
783751886188974084,18206185
783751896288722944,971339724
783751920246722560,2866006728
783751933798543360,2504981221
783751957001310208,29509060
783751963590656000,723316579740573696
783752003050573824,1736936754
783752017403490304,2374216105
783752054112006144,592890754
783752054066085889,2332681
783752058046410753,2252621959
783752064073465856,777184849
783752064979509248,2404780075
783752093446311941,750377949065535488
783752103806337024,354625654
783752121745223680,766442306085982208
783752130217639936,1475614704
783752130737807360,378270693
783752152661581824,724050768106500096
783752155031343104,1851797526
783752158160138240,20862206
783752164162297857,2398733016
783752189302845442,261721090
783752199465820160,1152037712
783752202028519425,705674442412793856
783752207413817344,758177177787625472
783752246110683136,2980929949
783752268696825856,21647998
783752277710471168,747107404714807300
783752294458200064,459685872
783752299042705408,937112780
783752313907220480,65172298
783752319569625090,81924440
783752329723940864,112620298
783752331024293889,3612314360
783752373483233281,20344733
783752402096656384,33191848
783752406639206400,20344733
783752406903484416,435521563
783752413798772736,4371599354
783752414042198017,21424216
783752430945263616,2163248447
783752451635707904,387956439
783752455360086016,760815292310130688
783752456161243136,1349309172
783752461404114944,1924904623
783752504576086016,783012911195172864
783752505339572224,749468931270778880
783752510947241984,254020445
783752534062092289,748208816261455873
783752567759130624,759451831529373697
783752588089036801,66914769
783752661040439296,23505153
783752666308542464,73678167
783752676223881216,776897909434544128
783752677410889728,115681686
783752681672155136,1654543952
783752694041149440,1216957579
783752705080569857,322243662
783752704770338816,327033735
783752706548727808,18946095
783752711829204992,739184414341640192
783752716162072576,4853987369
783752726735794176,965122116
783752727893512192,753198855311667202
783752754187632640,468091103
783752768838402048,721917289638076416
783752771426136064,1833228726
783752772063629312,1141027980
783752776673218561,3321777673
783752800643715072,751466597420822528
783752818876297217,776839703832035328
783752827306901508,3180047730
783752843798904832,603770837
783752846525161472,37127042
783752860119031808,57967983
783752861930795008,472270529
783752867140239364,745566584
783752878657720320,330636420
783752893061095424,1222028304
783752896332660736,149192203
783752916318449665,3325435721
783752916561760260,23098409
783752917006315520,4214490557
783752917270532096,506110800
783752918260412416,1222028304
783752935830265861,2914005945
783752948782366720,288254085
783752954213830656,3311009962
783752969024077824,768478842633785345
783752977353846784,382906089
783752992063389700,905019768
783752995318206466,741058867937841156
783753003920613377,2170989733
783753007213088769,779337133744009216
783753013898903552,253598513
783753015605899265,4557423378
783753019896705024,96133244
783753028272730112,4557423378
783753028964913152,780096605252751360
783753041010765824,619639647
783753041107443712,769048979027947520
783753057112690688,1877161100
783753057062514688,43768213
783753066638041088,608026732
783753072681951232,2305929534
783753076624678912,18108933
783753085822742528,734699511797415936
783753101375180800,2316392558
783753126343868418,2720797988
783753154395447296,274684085
783753163681599488,173119648
783753174419202048,713547114240950273
783753177279688704,3427078965
783753181104922626,12465702
783753195168366593,17728732
783753202533408768,431061432
783753203783438338,705083633812566016
783753205213564928,874748636
783753210972426240,24466044
783753211073196032,469799575
783753217746280448,43768213
783753223328899072,194615561
783753245193756672,3257484073
783753253590818816,3059045779
783753286746775554,765369032832847876
783753319890227200,130632122
783753320146100224,42525672
783753325132910592,111124426
783753336713469952,138826075
783753360264552452,57256424
783753367839387648,419951061
783753373774249985,2415593703
783753381693317120,3439536453
783753408486395904,249923419
783753418246619136,279118291
783753425330855936,781991185695051776
783753427843252225,66132112
783753464786587648,235698522
783753469383630848,3419353702
783753471442886656,324159288
783753476807401472,1852712251
783753532977606656,752324362624180224
783753536504946688,1631706277
783753556675354624,30335771
783753618797260800,3663579675
783753621418741760,405798082
783753630985904128,3349130025
783753631665315840,1157902490
783753653077307394,2355934348
783753660643708928,2352757482
783753668470321152,525289452
783753668025786368,125360581
783753671364390912,4417130582
783753675323867136,701197806707601408
783753678226231296,632117942
783753678507368448,35606154
783753679849545728,16672802
783753684920307712,734314476111962112
783753685587390469,718238996573372416
783753693770330112,266079348
783753694491865088,2980625739
783753698308530176,443916357
783753719372361728,749953408883367937
783753741170159617,2594486442
783753742126419970,754030114946637824
783753742726365184,576900493
783753746790711296,778273447109505024
783753754382172160,130055297
783753764083634176,183640003
783753766214307841,30593431
783753783356583936,2482714677
783753784983826432,123921991
783753791254528000,76053603
783753803199766529,262273722
783753829921779716,17792832
783753834787053568,408051296
783753841132974080,481645383
783753903171051520,1184296500
783753903544205312,187813379
783753913073819648,58758172
783753924830498817,48366932
783753950990217217,1112691792
783753956912615424,728653532635631616
783753971361918976,1423414646
783753990047543296,14465607
783754004371243009,1228840274
783754005897895941,26400100
783754018501726208,2478940417
783754050839912448,25741722
783754051691347968,436360631
783754128048533504,550684641
783754128677711872,122445605
783754145127866368,1900263774
783754160520867840,550684641
783754176094281728,3391479861
783754182419320832,3312387764
783754184155770880,3337216475
783754205827854336,21568150
783754218427420672,595609890
783754220759580672,2189730625
783754222202302464,803972203
783754262031441920,3021750713
783754273666523136,31955503
783754294365335552,2881946306
783754302888128512,2268344145
783754324572790784,282747242
783754340607549440,3245379326
783754380050706433,207824434
783754399772446720,257513754
783754404394446848,3957201857
783754406957154304,69614534
783754428016984064,2850436894
783754469133606912,836449794
783754472820469760,724050768106500096
783754486086893568,82275729
783754518408212480,3247864357
783754539161690112,566539833
783754539841171456,1735792070
783754542760341504,384586467
783754547856453632,744185866097025024
783754553745215488,3886099279
783754594589478912,15803316
783754646309437441,759975876058546176
783754653947273216,4378260195
783754654798737408,2983205608
783754686532767744,3289003559
783754686411091968,753971905
783754690274131968,2315414166
783754704224456704,3251970429
783754719051341824,3951725801
783754727188299777,49931341
783754745244549120,3140452705
783754758389657601,1355518873
783754772734210048,1414004473
783754794427158528,31600487
783754803038064642,306724690
783754838869889024,759498669456363520
783754839557869569,314016613
783754845643767808,860337132
783754880317988864,32921077
783754886433345537,191533423
783754903135019009,300351053
783754923905282048,328440716
783754935905062912,2769346477
783754937700343809,701888254765887489
783754940716048384,1368701184
783754941877854208,49931341
783754944100831232,1085411936
783754945161859072,97569139
783754976979918848,703288106401705984
783755008487677952,498065893
783755011587207168,122458950
783755013445201920,3723496512
783755041819783168,109014242
783755043598176256,4875896757
783755053274271744,1119760256
783755059775606784,384628775
783755066922631172,3396688756
783755086765981696,3305206213
783755087264964608,2971152290
783755094093430784,708431541542596609
783755094386806784,3439455559
783755094953189376,3394601549
783755103702573058,935491188
783755167493713921,2971798906
783755169037029376,950976000
783755173780791296,1216958276
783755184761692160,791987130
783755195616489473,152796922
783755199529844737,2336949294
783755206739824640,1229641040
783755210703245312,3108027745
783755220203540481,703281231715180544
783755223055630336,2357882367
783755223126962181,194499826
783755230953500672,160710164
783755234187309056,1861357040
783755234782900225,465654556
783755236179582976,52910879
783755247478910976,247000146
783755253409865728,148777927
783755260242395136,603770837
783755272955330561,25338407
783755283403276288,734526310593232898
783755293553340416,735371137790660609
783755301614784513,473169001
783755306161635329,398336111
783755348721147904,80728561
783755360469413888,232946980
783755365586440196,378857336
783755373949939712,66132112
783755376231493632,2905527472
783755381575000064,4911849841
783755391377281024,1129528310
783755393243623424,744958894242414592
783755396502712320,2531330207
783755397949689856,498065893
783755400743153664,3951163043
783755407344955393,16864091
783755409916039168,801374371
783755417214148608,775524709773545473
783755429872603136,470782037
783755439523659780,23103045
783755440513425408,524901955
783755442602278912,524901955
783755452035268608,717639166108897281
783755459429699584,3252121958
783755473744912384,962683434
783755476228042754,38821450
783755476659871744,715434754909163520
783755487351283712,90567643
783755492778659840,58558122
783755516455456769,757754759105261569
783755532792463364,2915156131
783755563528286208,288254085
783755567684653057,1975600272
783755603185250304,533359010
783755617236234240,717996161223634944
783755628233707520,2377683558
783755629399674881,14346664
783755634441228288,2494237140
783755638027522052,62872080
783755647485554688,298629655
783755651600101377,180986676
783755663268806656,314016613
783755671187566592,4150177692
783755686928842753,17728732
783755697229930496,43153525
783755698232434688,2159596618
783755715441782784,4788370779
783755730507665408,3290686341
783755753442213889,2161304592
783755754289397761,20165036
783755763693027329,592532354
783755765823700993,3775187182
783755783163043841,205922294
783755802024607744,542961492
783755828398551042,28175561
783755866633756672,744090713554460672
783755875924209665,724050768106500096
783755885755572224,3506304140
783755891489333248,239555996
783755938004103168,50258410
783755944236765184,449812226
783755945163620352,1676526090
783755946505957376,736643089356312576
783755955049680896,47389895
783755956853153792,348667672
783755958501666816,756128216243314688
783756022133329920,35215486
783756052252745729,702963029521076224
783756054358142976,158671582
783756062419668992,714673924592762880
783756062235045888,738972833204822016
783756068853809153,3077842258
783756070862872577,565112744
783756094615097344,529589786
783756104778014722,718172998541447173
783756119537692672,1463096012
783756139842371585,2962651031
783756143667449856,21127612
783756153289342980,279118291
783756153440395264,16155881
783756157286543360,99817247
783756173337989120,16933756
783756183324745728,2645258028
783756186923433985,2765305510
783756191214084096,62617728
783756194838085632,268747982
783756217181204480,24202560
783756221614428161,1242171468
783756222100934656,4827757845
783756223246061569,635011613
783756225749975040,717524490574409730
783756231311667200,576697803
783756240040005632,271983868
783756245119401985,71807953
783756247237595136,71458561
783756261904949248,54713672
783756306058317824,1511577852
783756315676016640,77798740
783756341533749248,627730235
783756347737202688,2511447529
783756365491638272,43811517
783756376564572160,4715923693
783756388195373056,754812107917361152
783756398328881152,1556631295
783756398530146305,2278849278
783756416913805312,325132826
783756421728829440,368546958
783756427206590464,178301444
783756445590355972,2300643367
783756455195320321,322897229
783756459200819200,473169001
783756461155450881,1475788920
783756491492827136,1493233116
783756493778591744,16335102
783756504306417664,2389158895
783756507452018688,3278857267
783756520085422080,2463664459
783756533704241152,2840531342
783756568902955009,28252034
783756569460690944,741396159843827712
783756599441629184,1170568212
783756636640935937,378812637
783756637362204672,730411322999853056
783756643259428864,461530558
783756648531632128,155174507
783756656530198528,91283398
783756660107902976,429544530
783756712360579072,15260270
783756719700774912,774507664776855552
783756738365227008,886193449
783756740781277185,4191627995
783756764701261824,52877196
783756782397161474,1434771787
783756792618741760,2744839145
783756794262908929,4885862609
783756831130693632,763162689086427136
783756842077782017,2686109520
783756850210697220,1096965260
783756858339143680,1220386050
783756866404818944,4656639928
783756875464663041,2238902444
783756894359973890,1434771787
783756905235771392,454917181
783756906942771200,1675606220
783756910499627009,1240485961
783756944293171201,1023318974
783756954632060928,110978799
783756954770542592,3335392588
783756973036691456,2746715058
783756975989518336,725776399139770368
783756977876766721,372381513
783756981240594432,782051425735933952
783757013721358336,3825819041
783757028657291264,338896699
783757051302404096,396231754
783757053919584256,15256692
783757054095876097,41930502
783757063629316096,758972178641526785
783757104192614404,720175888399249408
783757111855493120,701439590
783757113797390336,4303507034
783757138606764032,16077744
783757147935019008,1183014312
783757156751319040,40952281
783757171708145664,3400131298
783757183615840256,36766431
783757189718519808,764925179956912128
783757192335921152,716286508542652416
783757218055331844,2610089750
783757220425052160,1213293126
783757236250157056,47109990
783757255258714113,87504275
783757258173747201,357729263
783757261101563904,339930373
783757274028371969,278370845
783757276112904192,976964216
783757279644491776,295195137
783757283557830656,744156414126481408
783757289765437440,247605036
783757291308711940,3314715182
783757299655536642,2216260215
783757317993103361,3804650367
783757324003356672,492633069
783757330634506240,729195775943565313
783757330097836033,469799575
783757344983412736,2836678822
783757399383478278,4462709925
783757405104463872,768067639021342720
783757405628862464,1683334034
783757420908556288,22844569
783757436914020352,3303793610
783757438684135424,33408543
783757455159390208,525644785
783757463493414913,2292315883
783757463787102208,4237563432
783757467834515457,762695528966651904
783757474914570240,731292949397577728
783757483667959808,855280885
783757487757463552,337447628
783757514688962561,757421156534218752
783757520686899200,381072550
783757546901221376,703288106401705984
783757560503336960,206957682
783757566811709441,494366371
783757569319923712,494366371
783757572167835648,93661140
783757576613703680,763784764465774592
783757582456369152,709846226565406720
783757591063040000,345300447
783757616124076032,1373192226
783757630053298176,411306748
783757631668097024,222629477
783757640098807809,38044778
783757657253351424,728301896125927424
783757658444759040,15197900
783757660617342978,702476959201288196
783757671333765120,780798604696883200
783757673091231745,48404395
783757674655707136,52524602
783757685254557696,773996245731930112
783757692036796416,36514310
783757692623998976,1270528670
783757707358658560,702347174965862400
783757731958325248,3817413628
783757736316178432,789523681
783757743173672960,1289296345
783757754376687616,192377451
783757755383357440,906338772
783757767324602369,2962651031
783757770403131393,2370408858
783757797548699648,855487766
783757806927085569,3661539314
783757810685382656,3077842258
783757822022615041,213144333
783757828053872641,3651026791
783757834878156801,450171502
783757844717854720,87835772
783757849344118784,178301444
783757859569840128,20826129
783757875160186880,3886616413
783757924069965824,771260012727414784
783757931284168709,402985469
783757955699060736,3651026791
783757962980524032,759964421443637249
783757971616624640,402985469
783757978277060608,487769182
783757998241964034,37470180
783758013874135041,264861120
783758017137287168,1220386050
783758018450186241,2970596709
783758031066505216,750918449401036800
783758038561718272,2604272648
783758075387752448,3091557700
783758075832307713,4128837137
783758081318584320,2816963647
783758087542804481,478370651
783758089443020800,2323079305
783758112616509440,705444664506257409
783758126935715840,3058539006
783758140131139584,3044391574
783758147814985728,2305929534
783758158896336896,615511449
783758168090406912,1917731
783758169801498625,2697003816
783758177099616256,420502656
783758179192549376,3061928269
783758202013749248,1962873763
783758203477561346,773996245731930112
783758216228401154,763736316869808128
783758220561002496,3113721200
783758224126128128,775164334641065985
783758226093281280,282261125
783758241482305554,2976237925
783758244472774656,321467768
783758255520710660,764483788432936961
783758272616464385,433503807
783758314706534401,2966503372
783758316962918400,2925156756
783758325670301696,2495686176
783758330376298496,697702556840042496
783758338118909952,748648542525239296
783758355521306624,802290626
783758366078140416,105277013
783758376845053952,1352991138
783758378174713856,4171684919
783758382733766657,260826814
783758388073144320,82530769
783758396914708480,388456346
783758399271952384,80109582
783758413687844864,258221710
783758427344560128,389597423
783758445098835968,3362768893
783758456788389889,2942272126
783758458071973890,775316882912079874
783758461742047233,220053608
783758465638346756,4447378158
783758475478364160,2492199962
783758479559458816,2286837364
783758482944172033,781877080086765573
783758486400229376,4445102956
783758488275152896,747584270584152064
783758495384350720,300254302
783758498618302464,33930479
783758529773473792,2973318457
783758542843117568,766259231431548928
783758549830729728,822087764
783758558949060608,1071490063
783758566649794560,326448522
783758569292169216,1952328751
783758578263789568,280637451
783758605040377857,971011152
783758611465940992,1146843098
783758611474423808,2472066191
783758615702147072,778123039632482305
783758644114403328,2972649596
783758652855451648,1583065752
783758655405645824,4258194688
783758656617664513,1235373914
783758668739207169,36327407
783758676150530048,3061928269
783758693724585985,3604106593
783758713307828225,473169001
783758716709535745,23394247
783758730802388993,757735890278055936
783758748506529792,969838459
783758757549314048,320307136
783758759231361028,244277839
783758763274547202,36423281
783758768425279488,293678679
783758779514880000,2347313202
783758792349642758,20710399
783758797063852033,538370634
783758817427193856,487769182
783758820703100928,4844424699
783758829871771648,3233164543
783758831666860032,17487795
783758845180989440,782325098103513088
783758858275524608,408647691
783758873844916225,3283610875
783758874889170944,101622470
783758878563528704,705444664506257409
783758884943044609,603660185
783758903758708736,34049901
783758905092341760,2306012468
783758906476683264,1301353686
783758907441225729,435419248
