784437020659552256,172480550
784437044613230592,2225323670
784437055287951361,483686823
784437061055053824,2552813402
784437071591211009,38947867
784437114716827650,763431372480393217
784437128335921156,201245567
784437143217332224,73333278
784437148690870272,2742938653
784437158383878144,617437197
784437161298948097,212712768
784437172363530240,4041511396
784437185718157312,19380916
784437197352996864,758897050058534912
784437212691636224,2510012744
784437269839118336,2742938653
784437281021046785,718837051727056897
784437294451208192,711305198421946368
784437312037892096,176238611
784437315510820864,48540092
784437335148593153,837933536
784437347471413248,701882907254771714
784437380023455744,3493287256
784437385807396864,2914182670
784437387145404416,74831215
784437391893200897,763431372480393217
784437398314881024,2813645143
784437404123992064,1571215093
784437414035017728,34386565
784437436449329152,252935567
784437459736076288,2225323670
784437479382200320,2468275626
784437487661817856,729866734815993856
784437526316584961,2315583427
784437556737744897,760923244660523008
784437577025748994,431644331
784437611821576192,1146809210
784437670780948480,2657176416
784437671464763396,40699114
784437678309867520,19477874
784437694860374017,1602242072
784437709901180928,27202261
784437715953602560,482933199
784437719371878400,702174406739685377
784437759628840960,727701926544969728
784437790050177025,15801372
784437794991140864,1265365304
784437795758575616,299893741
784437811822731264,2966967788
784437857578475521,2998679640
784437859121975296,742445206511833088
784437863773601792,2949142601
784437878302519296,2788825460
784437912381239296,718837051727056897
784437925656137728,3865675754
784437932232880128,39673794
784437947907108865,3759483443
784437964076048384,771084313920176128
784437968383553537,2845120955
784437986167431169,158744829
784437999522185216,212720225
784438013883453441,1671103045
784438023937224704,231246689
784438050738868224,2745932591
784438054152830976,2933398158
784438055931437057,615360297
784438086151188480,539573373
784438095647088640,16335102
784438097031356416,594863522
784438150374449156,324233411
784438158276562944,3325526691
784438159614570496,716952504613924864
784438166002536448,2246311005
784438167512293377,324233411
784438203491217408,23394247
784438223439179776,3079759801
784438235208507392,703317145200025600
784438259892023296,57362629
784438264711315457,25334900
784438292808867840,1281504751
784438352028241920,113778155
784438354477735936,2275671929
784438357656875008,4065796574
784438366985216001,22253744
784438384341028864,727701926544969728
784438399440592896,2417844248
784438412430508032,113778155
784438442897747968,2566366238
784438495146233856,18692876
784438497583194113,97470288
784438501643317248,1476144667
784438504138956805,4102376488
784438509675409409,720045069
784438534652301312,4311423134
784438548556546048,861868506
784438581460930561,2528833368
784438582131957762,322010071
784438583570657282,768860404923719680
784438588175966208,19899606
784438590839386112,718599321864773632
784438597063733248,1214417917
784438618089725952,3517459643
784438618664292352,136811343
784438659642777600,2461419226
784438667557220352,1374635094
784438668131917824,48692189
784438669742596097,3517459643
784438669709025280,255519585
784438672452120576,1621320505
784438679402151937,1282782049
784438683311022080,1891086734
784438697034780672,2369654078
784438724704763904,1490914789
784438730572562432,4180433547
784438765741871104,780840293482442753
784438776537939968,1548975014
784438789397618688,278048411
784438794900471808,174025101
784438797261938689,369760961
784438803066974208,715736663436042240
784438805071880192,369760961
784438809836617728,504792607
784438829222535168,761037718579089410
784438836101128193,774789771491094528
784438845479673856,1177563320
784438854639947780,55929175
784438858905686016,498459134
784438862386868224,501052337
784438867382239232,374050196
784438870100156416,778297997675364352
784438870569914368,713237619853762560
784438877905833984,1400514948
784438913502842880,758404686009409536
784438928732545025,28009377
784438967043104769,269371440
784438971220660224,2805986590
784438972957077504,3111742566
784438987867901952,733082357041922048
784438997649006592,286840556
784439006075334657,869226348
784439020436779009,713927688147365888
784439031908044800,16007872
784439049490616320,2835607708
784439052560982016,28009377
784439082197798912,3409127472
784439096089378816,122591031
784439099168096256,114711796
784439102603161600,1154368070
784439121003642880,431644331
784439122094133248,1650296634
784439145254969344,18742360
784439151508779008,33607747
784439158764924928,55009905
784439161071677441,768655464686956544
784439162837532673,55009905
784439190067023872,732487736628649984
784439220240777218,158186872
784439229099053056,3409127472
784439229019488257,897554611
784439239563816960,79468315
784439255854702593,16489581
784439291082440704,222547785
784439295239127040,2237957448
784439308790870016,3452098753
784439324968378368,264935205
784439332601929728,10985382
784439354064240640,1474237130
784439364990308352,1522031005
784439377397100544,1708943438
784439390412103681,183361057
784439402575466498,260573709
784439417997963264,3087259028
784439431021289472,2270900414
784439441209241600,91882544
784439462830886912,48526013
784439482095378432,849342841
784439521098231808,704061400960933889
784439534117421056,3436249294
784439535140732931,302726162
784439534645829632,1597871198
784439537502154753,4080552432
784439556842094592,876077348
784439557626486784,777962830037327873
784439558767308800,2740594072
784439558905606145,47687096
784439571031490560,708661995441152000
784439594406252545,20802760
784439604384444417,3230110993
784439633304100864,14200865
784439634830893056,742374652685647873
784439646667276288,376744269
784439654921543682,712923137957085184
784439661552869376,15835914
784439711184093184,22253744
784439716653379584,728427437336367104
784439742980960256,2973332381
784439744252043264,47153887
784439750866399233,4831177047
784439762954313728,100600292
784439776996945920,15933649
784439813017522176,47687096
784439828968574977,1264291556
784439836015034372,3349071273
784439844932116480,757189220662292481
784439867954565120,2205261256
784439881795645440,402465053
784439881615470592,341602491
784439882382843904,267476788
784439897553645569,22176444
784439936703430657,449354070
784439941891629056,66540938
784439961747533824,135321529
784439989157388288,3153844428
784439999592697856,187059363
784440000154832896,758009417111576577
784440025467359232,3722160913
784440035764559872,65120853
784440091678613504,82197914
784440092941180930,737654214831153153
784440093230583808,741366016660246528
784440104404209664,4825511490
784440116672548864,47366709
784440136322912256,773342482465755136
784440146850525184,758010931452350465
784440155419643904,3232186924
784440159190282240,58896487
784440163975897092,23719043
784440164852568064,70482818
784440173392048130,3318186731
784440187203915776,3194487422
784440194510446592,17123583
784440195793891328,2934138882
784440231097344000,2971246830
784440235279147008,4411104040
784440265020891141,731325348
784440271161307136,14930609
784440274021777410,2200424163
784440274789343233,17683743
784440295916130305,22114816
784440296843214848,2778998748
784440327998476288,66495289
784440335950680064,3048022899
784440351654227969,313385516
784440353268994048,82770282
784440355928150017,1053951518
784440363113152512,90182089
784440385984729089,257264157
784440419178381312,4124678673
784440453764558848,39678501
784440467563786240,39571251
784440469820440576,493185954
784440474073387008,30996996
784440477961551872,2817108419
784440486291353600,773422451288117249
784440488308908032,733467830478245890
784440502338945024,208128046
784440509624422401,3515882301
784440517014663168,1668265830
784440540209287168,42625165
784440547083550720,3061797379
784440546777497600,232714367
784440555413659648,704050611952750592
784440558437761024,765634361815339013
784440559276396544,537579278
784440562774671360,1894404925
784440626104311808,1976997764
784440629606645763,109960811
784440632202760193,3039910616
784440635172462592,2840507843
784440657083375616,89749745
784440663370764289,1264291556
784440688381337600,66736020
784440690226921473,46962230
784440703367675905,47680487
784440729527521281,470712613
784440735646953472,3231948031
784440765661507584,717070029334798336
784440780307955713,30640626
784440792316207104,911853476
784440792991555584,3285759732
784440796724486144,131977558
784440815888240640,2524755026
784440817054322688,4019610917
784440827879657472,154483697
784440869705412612,32353291
784440870757998593,3473311992
784440879629017091,773936435187580929
784440886457356288,31479090
784440891972857856,708701811209740288
784440902638968834,4827226922
784440908993495041,2949142601
784440945781514240,45177874
784440947711115264,731592373038370817
784440951548764160,723274233183395840
784440953734066177,47026983
784440958859509760,61879907
784440999393099776,3443212698
784441007408422912,2317369195
784441018292633600,224099937
784441041113841664,716312003283787776
784441084994740224,734167499722264577
784441086651600897,3065402171
784441104582250496,33811812
784441115076288512,187670429
784441121132912640,762939612482379776
784441131664678912,467815119
784441134177288192,2159443772
784441158155939840,311140916
784441175675592704,3271441309
784441178481692672,1389882727
784441191148490752,711102413374136320
784441198559711232,2482709671
784441217123692546,737294036
784441234735570945,16672155
784441240204914688,759425320852131840
784441241383473153,27202261
784441275625959424,529591144
784441285377597441,31479090
784441287554531328,763130254231756802
784441292227043328,3207589853
784441319435472897,50846751
784441328927055873,244826844
784441348615245829,175783382
784441362334625792,918147986
784441382685450240,221963057
784441392030322689,734476496803377152
784441432635506688,153097540
784441448368308226,119582474
784441456081666052,231282120
784441470782541824,26410248
784441473152454656,16489581
784441479456559104,810886350
784441483105447937,47046643
784441487807225859,2450202811
784441528592793600,19556943
784441538919170048,760853723052642304
784441542769512448,4214589382
784441544128368640,775357246381383681
784441554270171136,708815004787671040
784441564693004288,918147986
784441566953771008,228437789
784441574189101056,2855997665
784441589112377345,864819445
784441591003910144,703294060539224064
784441601665794048,3308193378
784441623853883393,718501532203905026
784441637313187840,291261524
784441662286114816,585892489
784441663208955905,16943743
784441660520402944,604689730
784441672121913344,450983554
784441674080460801,2660791208
784441674932060160,100369974
784441683081592832,775004390247829504
784441691742703616,2469807936
784441727176192000,2252260969
784441730624028672,370442418
784441732314308608,17555848
784441736412078080,217909795
784441746935521280,4465911554
784441755949150208,4815730493
784441761473163265,4012078510
784441770138542080,1606398271
784441775607812096,17983062
784441789381914625,2448553039
784441798726787072,518930650
784441804280074240,320919057
784441812412993539,16699419
784441814556282880,704865315335892992
784441828036767745,107012365
784441835888320512,4869247389
784441854737670144,3903251179
784441859414241281,4839403219
784441860756480000,4397021841
784441890267627521,20730083
784441891454652417,4865974714
784441903878135809,49254983
784441925176733696,3448960215
784441931086508032,1471615951
784441936702763008,15835914
784441949742694404,43416254
784441952863391744,119170036
784441957846224896,519431459
784441958714540033,748230192833921024
784441967753109504,2432247012
784441978197016576,2264079826
784441985084129281,723050042420957184
784442001496371200,442477682
784442006277804032,82616432
784442034970996736,1400514948
784442036971794432,832079760
784442038171435008,582140844
784442048564854784,2328430440
784442050326372352,1400514948
784442057242861568,60767749
784442112070684672,1669280222
784442116382552064,2656384385
784442132111224832,763480477781135360
784442138180190208,19880131
784442142475317248,15106947
784442167464828931,50689564
784442168798654464,2610731406
784442172992917505,300963003
784442184112087040,4871571199
784442191368314881,116176753
784442198188183552,31171372
784442215196160000,699344605888782341
784442222704005124,501750780
784442232854241280,3416558621
784442237371359232,4709866640
784442274809782272,1675606380
784442283953356800,2211027127
784442284859387904,122591031
784442308502642688,1917859608
784442316421423105,827902934
784442324117970946,18553881
784442341658460160,300028865
784442354333691904,17065072
784442357886222336,320919057
784442376047718400,582140844
784442415549558784,757107340768260096
784442424764555264,2485624838
784442440631525376,315988585
784442445991849985,1202994756
784442458063208448,2828042914
784442458633494528,779378588957147136
784442460973838336,26913834
784442484759887877,582140844
784442517437583360,24226326
784442526660825088,3981374896
784442537096294401,4510289232
784442551482757124,783523212416147457
784442557367459840,2661932130
784442563012939776,60087571
784442572655562753,3060588907
784442587377704960,582140844
784442593472049152,758506186673094656
784442594751229952,718830069221724160
784442605673205760,711754742829944834
784442626351128577,312214680
784442642306248704,1414713511
784442659490435077,754498974321614852
784442665807048709,318711287
784442677693652992,4250581329
784442698732179456,3068605238
784442699982266368,582140844
784442707292725248,1731016886
784442710815932416,45671909
784442735793057792,273217344
784442742831091712,3330295799
784442745297436672,3095192416
784442750494277633,857008494
784442750469017600,225423130
784442758501203969,2701640767
784442761839800321,2159443772
784442777782329344,2223691094
784442781058076676,2223691094
784442799038959616,39669227
784442800406269952,700781388883034113
784442800616173570,421964324
784442839325442049,582140844
784442859042791425,1350260952
784442859713761280,24677438
784442871738798080,2746229537
784442888054726656,595250319
784442907558162433,125038870
784442916471238656,1426967479
784442946670235652,345492829
784442954018648064,582140844
784442955990007809,299864210
784442973496938496,1566816938
784442988508307456,4826677880
784443007667802112,827104364
784443021408411648,67514697
784443035442679808,16634544
784443040303869952,469509637
784443051615805442,700605640071221248
784443092820688898,582140844
784443111090954240,355869749
784443116342353920,2998028583
784443122994601985,1675606380
784443128254197760,2840507843
784443132507062272,21565264
784443153742831616,2462611680
784443162370637825,2795245697
784443167886020608,448265957
784443175590961152,17080018
784443177100910592,1664939335
784443177835036672,3369613187
784443181547094016,874
784443185237929984,2462611680
784443191911075840,208105850
784443209250328576,2903985766
784443231819952128,17719672
784443234122625024,2355934348
784443237461168128,827104364
784443238321123328,714887712600432640
784443252724203520,71286461
784443254515175424,3676654755
784443268851376128,765958162272903168
784443282596171776,3407847574
784443305157197824,240073748
784443313634086913,330642646
784443339806572544,582140844
784443340687368192,17670726
784443363630129152,28654635
784443389320265728,400294294
784443406147784706,70343515
784443449881817088,582140844
784443453891575808,705447435229908993
784443467837476868,1237042363
784443472191352832,215045056
784443479166296064,2149221140
784443483738300416,482748760
784443494685257728,203560167
784443499273859074,241026349
784443501396291588,928943016
784443530114584576,3303763184
784443531515535360,4261421361
784443538364895232,60432146
784443545038032896,2990325916
784443551212011521,448817704
784443559093145601,179675761
784443559093145603,287245900
784443564193382400,582140844
784443567947251712,493185954
784443601195569152,782686121247461376
784443655620730881,15623201
784443656816046080,3473311992
784443673727688704,330475176
784443686734139392,1563544056
784443690735509505,582140844
784443720804556800,4035377655
784443729000095745,595799102
784443756229435392,2832632369
784443757059977217,2479727863
784443759991754752,168737277
784443762055315456,275720253
784443763942760448,190222885
784443765024960512,735530705011265536
784443765704552448,1163887880
784443766652280833,74853656
784443799682637824,582140844
784443801888657408,34360376
784443818678427649,3145921127
784443825133465600,622110163
784443832880369664,2153521405
784443860097183744,1545834288
784443885472755712,3310158301
784443888576569344,77934090
784443896625377280,24985198
784443900111032325,24543267
784443911053856768,4282865114
784443912454705153,448265957
784443922525413376,582140844
784443929139683328,1278076634
784443928279937024,1558529222
784443933728178176,27095023
784443937171775488,599630385
784443967882555393,255576146
784443968045973504,4821920832
784443973796442112,2393323908
784443980335484928,490900516
784443982550040577,2588011975
784443989902499840,29861835
784443989860741124,3430537311
784443995330113536,34857267
784444008177152000,1602242072
784444027818999808,259281372
784444035280822272,67136173
784444062774374400,486309983
784444072396062720,3280132735
784444076812754944,281832034
784444087541768192,2954907514
784444089684992000,930638868
784444096463110144,101218665
784444105321570304,582140844
784444107380838400,3288267595
784444151999918081,27508594
784444185915121665,35462142
784444189429731328,2227694966
784444190247772160,202417547
784444202012831744,49429924
784444208794832897,779004736997470209
784444211147972608,582140844
784444220782313476,347323450
784444227732156417,16672155
784444266944667648,737294036
784444272397344768,285197838
784444275731804160,3707246052
784444285362049024,705902960967094272
784444289841442816,1965612534
784444295117963264,331456004
784444296015544320,81189820
784444299446521856,55554468
784444318744313856,605377055
784444341964066816,752554272433188864
784444343394369537,2962651031
784444354895241216,2903979420
784444358233698305,3095652353
784444374939729923,28974585
784444375556292608,171145213
784444389141590016,605963171
784444406556307456,780578054519214081
784444424038342656,905898240
784444430027788288,752159830605983744
784444433869615104,246310849
784444441452957696,277200431
784444451997429761,770039507307622401
784444464194473984,1972076252
784444466497200128,582140844
784444468367884288,745287029357969409
784444471261802496,709069031173525504
784444475841982464,237828115
784444476144123904,1429070900
784444480636260352,754246244239863808
784444505877471232,932642034
784444508868141056,4228937179
784444510843596800,710829156624420864
784444521098641408,2264884166
784444529961234433,202417547
784444533601730562,3012462963
784444534780465152,171145213
784444537473159168,1463150749
784444544242900992,2485511612
784444551536803840,1566816938
784444579248541696,2751796116
784444587834171392,759120478413942788
784444603894161408,1027809378
784444603432837120,52915990
784444611133669376,582140844
784444631425495040,3707246052
784444635535900672,112620298
784444651516289024,3298049407
784444653193965568,749440768796864514
784444664652988418,1321353362
784444680247410692,81465532
784444697695563776,2755264862
784444704020631552,167808426
784444714292568064,874221217
784444717295476737,1656582482
784444743434526724,60760452
784444752041156608,3060388144
784444752879980544,702991518420885505
784444760970895360,2194753275
784444774245867521,2376426392
784444797054427141,758701426365243392
784444812107796481,2263590002
784444818600624128,2514475647
784444831561113600,582140844
784444833872093184,783316735172698112
784444844361912321,35829030
784444851454636032,474917204
784444856789630977,103079289
784444858865975296,22253744
784444872832888833,322874617
784444877891186688,635275400
784444898799857664,245945573
784444901786169344,729950129923489792
784444906014142464,783476734947622912
784444910191517696,708789388969259008
784444915782602753,467674978
784444933969096704,85520692
784444942089236480,3691110204
784444964986097664,740147001699012608
784444970316996608,731655769079304192
784444983851962370,711305198421946368
784444985491853313,748964694388453377
784444985689059329,3497959873
784445038235312128,43993601
784445047655632896,702174406739685377
784445050285535232,2944280244
784445052743405568,3005175598
784445053938708480,2414913756
784445054182105088,582140844
784445071336804352,2672693279
784445075988381696,357086764
784445080484667392,720045069
784445081868640256,33152496
784445081281527809,99015340
784445089200345091,759051618625032193
784445087824617472,562229863
784445089884045312,550987205
784445089565274113,220053608
784445092622991360,22253744
784445094569140225,784193365776732160
784445102043389953,720045069
784445113707536385,415175014
784445115242774529,2861750577
784445118384312320,356937672
784445134964269057,73418626
784445142115635200,43218524
784445142346321920,3285503460
784445143776579585,41568529
784445161333923840,63411616
784445165679153152,4856364013
784445213729251328,110522847
784445220930936832,582140844
784445225343135744,272135343
784445241382141953,36442614
784445257081643008,235649592
784445264937574404,3407847574
784445276941672448,259383982
784445277453357056,636500038
784445279848189952,2334882143
784445280196460545,198516386
784445285472677888,138166610
784445290216460289,579290833
784445295035691008,71807953
784445307224371200,357232722
784445337712807940,33816204
784445344591384576,1279431782
784445350811545601,744489731304501248
784445366519357440,983952144
784445384860901376,878719854
784445388153581569,1514955175
784445390963650560,265245636
784445410354032640,756122337926385665
784445417723265024,2162529847
784445427538014209,777262617907691520
784445434504753152,4371599354
784445436362911744,1904913144
784445441526161408,191168181
784445461448892416,3345939052
784445466859573248,587435984
784445475306909696,716156428289847296
784445480025464832,24667237
784445504633630720,1713036884
784445519753977857,3005175598
784445538427019265,3276189073
784445557125197824,700502069233393664
784445562242404352,2940545469
784445566814031872,1176029954
784445570223972352,784099939534209024
784445579594174464,554659276
784445613719052288,4699390170
784445624699662337,3310736730
784445674813267973,764827309736099840
784445677854220288,483686823
784445685118664704,2602170008
784445692475420673,880929493
784445718819774464,774398426
784445720766009344,4821920832
784445720879390720,4857314939
784445721797734401,3376927462
784445723102314496,4857314939
784445737342005248,4789906767
784445742261809154,3289045495
784445746842075136,582140844
784445767268302848,23394247
784445816266186753,2697202447
784445841809481728,2514475647
784445854224486400,740272397371068417
784445854144876544,14111338
784445854178476032,1109346720
784445860943892480,782716704719798272
784445870834147332,17975284
784445877742084096,53313796
784445897929289728,582140844
784445916241616896,3171615871
784445931982884864,17845781
784445933572526080,116176753
784445939486453761,724407830502080514
784445945152798722,54597913
784445948986392576,755176472353001472
784445953499594752,748840248386457600
784445958838976512,635195109
784445967156318208,764572902125608960
784445994477944832,202417547
784446000454742016,777094706
784446006867988480,705936590204510208
784446006012350464,763130254231756802
784446020805550080,562229863
784446022013648896,711294198977318913
784446037222100993,462542883
784446038165848065,116176753
784446046793502720,37343668
784446047867183104,932642034
784446088535080960,390347069
784446093572640768,169476991
784446105102667778,69264083
784446111201320960,582140844
784446122521526273,709588340840865793
784446129094045696,715363955464491008
784446130654445572,767512991617130500
784446141865693184,635908438
784446146106232833,99202150
784446148824080384,1566816938
784446149939830784,2706316644
784446169434902528,2894256669
784446171112738816,2720197073
784446190305804288,3033441051
784446198270787584,3640734136
784446211206082560,17723942
784446219015696384,3885497892
784446226842386432,2353932782
784446246102499329,47687096
784446249927790592,2315679386
784446272828690432,2450202811
784446298233663488,1024109838
784446310724214784,177212603
784446322598416384,733513268
784446363681501186,725166584730361858
784446382052511744,1004954503
784446383281569792,966358014
784446424410828800,779563097237303296
784446443968880641,3060954777
784446494044741632,753301106336423937
784446497425285120,2207436451
784446507370053632,702895208497856512
784446516144537600,330475176
784446516194705408,498353318
784446528584871937,65120853
784446537652965380,740348347396042753
784446559006097408,713872670778073088
784446562676072449,209095788
784446564940943360,703389199139938304
784446569395335168,754469174227775488
784446581495988224,754695799607595009
784446589368606720,2571323442
784446611502067712,3956151875
784446618871357440,712484821839155201
784446637242511361,4842309661
784446637837918208,74471792
784446663293145088,605963171
784446669391814657,266193138
784446681601478657,1613124576
784446687330770944,73678167
784446691864969218,13651772
784446692447940608,549805401
784446700270211072,234578556
784446704468623362,70320954
784446709640208384,1278595932
784446710684811264,486882714
784446721203974144,18267698
784446723619852288,4064209453
784446733233315842,33512441
784446744004268033,63770391
784446755848982528,3906540143
784446756385947648,245836288
784446758629830657,517295675
784446765340565504,1278595932
784446802166554624,2537849167
784446804612046848,35369605
784446804880420864,199216714
784446810840367104,867070008
784446814967566336,206086913
784446829333213184,69225972
784446831426011136,2503654963
784446848161296384,4848266721
784446859611807744,3192316680
784446868801609728,3313274850
784446882223316992,41829280
784446882743410688,26102775
784446888787312640,270079789
784446890909638656,2781857410
784446895343099904,179922417
784446895301144580,621966679
784446906864799744,4824122668
784446936069857281,15197900
784446956768677889,2369312460
784446958521810944,2369312460
784446962099691520,44003887
784446992252448768,25948048
784447000053964801,2167585616
784447006181695488,86241025
784447009772056576,4123536614
784447012091539456,590312609
784447016625512448,4866886275
784447057167650816,501529997
784447057423728640,3145648247
784447063899516928,4219421657
784447111135830016,175404992
784447113115598848,181521668
784447114306813953,617437197
784447129171394560,1370971824
784447150893563904,231535065
784447153263538177,776004174
784447156006551553,4237958309
784447174994046976,3227007222
784447189829443584,235698522
784447224587714560,33786168
784447228198793216,4926312645
784447231365709824,97710257
784447242178555905,2743016176
784447256552505345,780829149950726144
784447266488713216,702895208497856512
784447273174462464,782791275183472640
784447290777800704,17070252
784447302811447296,567841401
784447320901451776,45637919
784447346717421569,23721998
784447389243408384,1713036884
784447392900870145,213767022
784447406389727232,466098316
784447411645140992,730916363376582657
784447432000233477,60684098
784447465873346560,4464795880
784447469543362561,319275055
784447478653394944,755044931778019328
784447483996930048,782165660558364672
784447491785633792,3302611902
784447494528888837,167512844
784447506549571584,3886099279
784447518285389824,2279480486
784447527596781569,796240783
784447554758946816,2818744760
784447557300727808,2387053584
784447572446294016,26476655
784447598052737024,4026474921
784447600867016708,41165751
784447612631982085,700512482318635009
784447627328794629,11332012
784447639429402624,27758335
784447643531345920,11332012
784447733730045953,18810328
784447737920036864,313760683
784447746254200832,1251598134
784447787106721792,713432968224763904
784447787853225984,707253890299744256
784447818601672704,20649962
784447822263443457,352704896
784447824188538880,717775665928531968
784447842798755844,1635267656
784447843016638464,2408924386
784447847055884289,1668216228
784447866874040320,423858681
784447880992088068,15197900
784447885114867712,29799283
784447890529792001,2270414820
784447895076495361,108287793
784447909995671552,2623730789
784447911870488578,48414468
784447919822868480,47680487
784447924386226176,432614481
784447943763865600,730810811740868608
784447974029963264,28372397
784447981277810688,22805192
784447983366451200,4043345250
784447992757563392,3003999514
784447997350322176,892945159
784448000999424000,867987348
784448010788999168,249705594
784448020490260480,505474000
784448069110685696,4832755638
784448083505602561,2242421732
784448111200526336,248781239
784448114841227264,22500550
784448142200541184,248781239
784448160139612161,22170416
784448199285153792,3310860606
784448207459713024,274891222
784448208890171392,291709775
784448208651030528,897619242
784448223708639232,30050923
784448232323592192,3908344585
784448232923561986,3033441051
784448249780240385,3105460214
784448254532526080,372189219
784448258638684162,23719539
784448323021316096,728234939716673536
784448329094574080,718239356083904513
784448332559036417,725318318
784448337906900992,761412482514681857
784448363676725249,713061530892427265
784448364834271233,4725227294
784448367275479040,754230919633010688
784448373885575168,23954775
784448376049799169,1339674523
784448399005343744,736376243734614017
784448398875242496,744320436
784448412427124742,388618904
784448426926673920,1154639413
784448440629497856,456775778
784448450179899392,55227529
784448482820096000,56573878
784448491661631488,4731468144
784448496896094208,467231947
784448513325297664,28009510
784448518941446145,53143319
784448519906086912,3937397053
784448530370879489,2210782496
784448537987682304,46486816
784448542622396417,342942805
784448543784218624,2496426625
784448560364486656,725331518340620288
784448570481053696,29224068
784448572217438208,2416940856
784448575933644801,219588456
784448596225785856,2899900930
784448599492931584,31125980
784448604425433088,27324239
784448617390153728,15468048
784448618954567681,40210129
784448621542461440,30532868
784448626491793408,18810217
784448643554283520,3622223535
784448646033137665,22627332
784448663347003392,927073537
784448707366354944,761360743103094784
784448698050904064,116229827
784448724965662720,206252322
784448742191529985,707097541968588800
784448761087070208,61350866
784448782297657348,2189730625
784448808620920832,705053571855880193
784448813465350144,736291160688201728
784448823804370944,24226326
784448836995547137,14400534
784448808298176512,14707322
784448855144275968,758492577482043392
784448856469536768,1653887586
784448829504495616,758492577482043392
784448875172167680,98399498
784448878904868864,1205138478
784448891546632192,65445863
784448900375556096,3092233693
784448900492951552,2275217533
784448904280543232,18495916
784448921888096256,963230768
784448934882205697,2496361238
784448936727703552,1275898807
784448941261717504,1131911
784448965911588864,711361626339840004
784448967408967681,2366303900
784448980952371200,80310070
784448981682098176,193261562
784448985155137536,2739044695
784448988925661184,41419693
784448996035133440,711678474147078144
784448998476087296,3875579653
784448999331864576,264935205
784449032374497280,23450564
784449041190957056,55107736
784449047516049408,763130254231756802
784449054797246464,4662775092
784449066327433217,460118656
784449070714597376,1456257649
784449089320710146,758830577663418372
784449104218845184,756883948165300224
784449108639518720,763877264043810816
784449116143177728,3429971421
784449118898757632,759149064470474754
784449134841376770,734966543717519360
784449134308626432,767951478673793024
784449135239831552,162249930
784449135646609409,766499969696169984
784449132060696576,2198433882
784449175429713920,135127362
784449178428542977,451272899
784449179539996672,772758771395207168
784449162616066048,2416940856
784449185114357760,746772082155995136
784449191670001664,258038956
784449205788041216,19182456
784449209026154496,735147297856757765
784449209520971776,777941466958008320
784449210204688384,781210351559962625
784449215095197696,717775665928531968
784449219901915136,761165416479744000
784449217855184896,1446934764
784449223676796928,1596757705
784449228005253120,4421492243
784449230182252544,168534287
784449240470872064,148122416
784449244945981441,242958904
784449248892850176,1004954503
784449258401431552,724050768106500096
784449263598116869,758010931452350465
784449264323661825,144178085
784449270220857344,234578556
784449283109949440,3434877514
784449293792911360,29113206
784449296594710528,3717452056
784449298641543168,59865242
784449301359525888,1539580423
784449319923552256,755149056880570368
784449371324551168,899497994
784449378186432512,221961735
784449384507330560,737662800
784449385006444544,780814748
784449386948464640,782699606
784449387657179136,805752656
784449392728088576,621948074
784449394087071744,1420660507
784449394515075074,756129693942808576
784449397740359680,27549143
784449399854239744,799150309
784449400181448704,2972333908
784449412068106240,2436985333
784449427205398528,2511606138
784449478862307329,18318328
784449482641379328,4862053260
784449511955496960,18082945
784449513108844544,3906972498
784449528317358080,3348375095
784449527310757888,318044919
784449554368212992,416323866
784449557333704704,19951176
784449573767016448,256569885
784449578389086210,264117963
784449578967961600,703069812050829313
784449582843301888,3555533775
784449597943013380,300450188
784449603781308418,2711204024
784449620952973312,2680194549
784449630419374080,855433770
784449643853836288,285761256
784449647553212416,316161690
784449655648161792,3154160161
784449684475482112,748350314894417920
784449689672384512,747496562272632832
784449703530278916,361413906
784449703349985280,589206241
784449704616534016,144178085
784449705971478529,754086125917106176
784449712183087104,353964202
784449718160064512,19291582
784449719300857856,277200431
784449733003579393,746704241121726464
784449741014917120,91023724
784449761407594496,203901265
784449766964985856,2742757990
784449787890249728,2316246829
784449793733058564,333040588
784449796455092225,758991737876381696
784449803233222657,728744425648689152
784449804289978368,3290881694
784449829258821632,763686911034662913
784449830688952320,4426507168
784449830915497984,2389748504
784449836854550530,767961725102657536
784449859566743552,3308167423
784449865292087297,1524857611
784449867632484353,707718853
784449871423995904,625216806
784449875014479872,3361279126
784449888322891776,769724482445385729
784449917657882624,762405017244491776
784449926797275136,762405017244491776
784449931452919808,704141069043171328
784449936452530176,21349138
784449945797595137,2893927876
784449992379342848,1465961396
784450003980791808,505283706
784450003540578304,757735890278055936
784450004647829504,724050768106500096
784450010360393728,349529945
784450014361772032,759845601882157056
784450024969089024,287505023
784450036767817728,705607680145149952
784450045537951744,758010931452350465
784450049639981056,22718873
784450057714139136,358956687
784450080505991168,754086125917106176
784450088206819328,193672826
784450091117518848,3691110204
784450092514238464,268662889
784450093239808000,3105723744
784450099715768320,594186569
784450102404407296,763300
784450103842975744,24608067
784450127553441792,125038870
784450157991518209,57677984
784450167743320064,18166092
784450171253817344,395961182
784450181169381378,3192506298
784450197871034368,711258630574596096
784450212437889024,703260581739044864
784450224190201856,745367789024665603
784450225805135873,172563272
784450229072433152,98635149
784450250228527104,90619565
784450266087120896,3497865853
784450266527633408,27767014
784450270008750080,320999960
784450283699113984,201182736
784450285892698112,2167585616
784450293983477760,1220041100
784450294616772609,806010806
784450297259188228,18783639
784450349025390593,742716154364497920
784450356075835392,145838509
784450379006238720,212070678
784450381136789504,732391594435862528
784450387386437633,1577789274
784450417308598273,85078503
784450429643927552,753727262634246145
784450437831356416,1903513172
784450461168340992,3937397053
784450469049479168,4292539453
784450470341259269,928950889
784450499403714560,705902960967094272
784450516403105792,3937397053
784450519226089472,743923398
784450524343050240,22707143
784450533499080704,343891815
784450539463516160,345752316
784450565195505664,382209139
784450589547597824,24657763
784450598628302848,16174578
784450599848775680,38298391
784450604185845760,764572902125608960
784450619100819456,526282981
784450619700416512,145838509
784450621952909312,2259012509
784450641062203393,1080941352
784450661479911425,3937397053
784450662935457792,75437441
784450676403343361,4237958309
784450695823028224,584872123
784450705603989504,743869197273292800
784450706229035008,2795245697
784450723069108224,11332012
784450724662878211,3529000632
784450763040788481,739064956453150721
784450788609318914,181984719
784450794758123520,759178228279803904
784450797178421249,489944635
784450800995168256,708722250279731205
784450807467020288,54935632
784450824328114177,253661361
784450853159567360,706250312810684418
784450856519360513,1423647433
784450866551980032,2867727247
784450874525437952,706250312810684418
784450926367170561,400111047
784450983082401792,3099252940
784451009137418242,22170416
784451015693172736,351087735
784451019103174656,706201099968061440
784451024144793600,361249270
784451028217307137,2871909807
784451037256187904,2158994620
784451040280129536,32876191
784451040653348864,321467768
784451048765173760,3312516276
784451055828422656,735604175766069248
784451059095834624,756310591422201856
784451066448478209,782716704719798272
784451077332733953,27767014
784451091270365184,745351067311968257
784451094499950592,706201099968061440
784451097540689920,3400078523
784451102330785792,338527731
784451108899004417,757735890278055936
784451162187571200,904420046
784451184589434881,4840244240
784451194399952896,790441260
784451204273278977,44066494
784451215585185792,751930155841445888
784451221553876992,1325974561
784451228528939008,2205198069
784451229665595392,3072832073
784451246283370496,47687096
784451249043152896,21726999
784451266911109121,2795245697
784451268861431809,782791275183472640
784451287160991744,28208251
784451305226047492,558293436
784451314436612096,1972076252
784451316152238080,4266211361
784451336943337473,706952482463883268
784451341137670144,2180012041
784451354420842496,1565939916
784451370283855872,2731134614
784451428265910272,729950129923489792
784451430677643264,708784431331471360
784451434117029888,743888382317600768
784451433794076672,582140844
784451435345752065,738073831600885761
784451457441341440,2798432052
784451467432202240,759178228279803904
784451472574582784,126630767
784451473581060097,4310261
784451477284749312,781732285863329792
784451499506208768,230739131
784451502198910978,712778286544326656
784451511279640576,556475937
784451517675778048,95963751
784451529017131008,36041523
784451537082941440,283677281
784451546373382144,756977954903719936
784451553096830980,4808784389
784451560529158144,703956193698521089
784451561191796737,708722250279731205
784451563460759552,3004611981
784451572562481152,702104862671159296
784451573334155264,702104862671159296
784451574294720512,3145379514
784451575104364544,3297226109
784451577532780544,19031443
784451587628556288,21536106
784451597308796928,53614673
784451599104151552,438038939
784451610688663552,4219197432
784451615063441408,787919732
784451633648394240,2723217944
784451647724412928,10323562
784451650010357761,340704927
784451651813924864,103082080
784451654728941568,208352822
784451658306744321,15194242
784451659132915712,2300551194
784451662807117824,146408874
784451665499783169,709846226565406720
784451674735640576,769380097359024128
784451680813264896,750517084166193156
784451685376589824,765326734900113408
784451684655173632,705552616315494400
784451686748262401,712740838762291200
784451688430198785,2837325635
784451699138236416,779211865566113792
784451732948516864,217575068
784451748790345728,390461996
784451751348961280,527658452
784451750447058944,768237282562310144
784451752322031616,1675606380
784451754696044544,735147297856757765
784451771498242048,781960790702161920
784451792847380480,171143721
784451799864446976,703703244799873028
784451837097160704,50948136
784451846798729216,710490507479134208
784451881158541313,752016452
784451890943713280,2450202811
784451901874016257,2798432052
784451910233235456,781224578890604544
784451943405981696,10323562
784451948086960128,4875896757
784451954143617024,135127362
784451979103703040,501052337
784451985328082946,755038953753804801
784451990499627008,2798432052
784451993716727808,22170416
784452017364275204,369868151
784452021013262336,759773049830854657
784452023542386688,3004611981
784452044987965441,1423647433
784452045780553728,2213512260
784452053649068032,746516185634594816
784452075249766402,172062059
784452075266551808,2561734922
784452077233721344,3050638944
784452080991805440,186156580
784452082543628288,186157193
784452084544352256,186434884
784452085752356864,186453966
784452088151412736,184740076
784452089267097600,184756624
784452090642833408,738646878
784452093180379136,185165488
784452094199607296,185321887
784452095806013440,704744221899689988
784452101199933440,720467214466490369
784452121596923904,729950129923489792
784452124272799744,629429595
784452135500951552,769724580978057216
784452177217609729,2488999291
784452179159576576,711941303496474625
784452190186319872,932863866
784452199971782656,4875896757
784452206250590209,2401156465
784452222285443073,782019341076291584
784452222792851456,779083055860359168
784452239771381761,2505849054
784452244712386560,1616425044
784452259979681793,757189220662292481
784452263834030080,187618058
784452269462859776,2317974127
784452271669116930,2811236476
784452276924641280,1894460682
784452281030832128,17971747
784452284058996740,319316356
784452313389862913,3378939827
784452324798390272,49651439
784452329865027585,300664172
784452350606008320,17068970
784452355177586689,721226992117387264
784452364241555456,27303554
784452365428461568,69892426
784452366594510848,4715573358
784452377201876992,4804814714
784452391819149312,2389580844
784452407984025600,711895741757845504
784452420755525632,3433367477
784452430712807424,1664939335
784452433720201220,1087837867
784452435389648897,839382708
784452439793553408,3185639894
784452442943524864,1616425044
784452499772018688,3950416108
784452541882839040,297443753
784452543933845504,129997734
784452547352207360,2500233264
784452549617131520,2436985333
784452570051784704,2273380532
784452572413358080,117478295
784452616507891713,776187677183909888
784452645528272896,371982724
784452652402810880,4700267755
784452655267450880,734087285210120192
784452656773423104,4788666261
784452675798654976,2748049892
784452683717640197,739884118608072704
784452687744016384,51967388
784452712373096449,75038550
784452719964590080,761276825519607809
784452726616944644,2409490969
784452745369714688,759197754044416004
784452766047567872,379851447
784452769205846016,973864927
784452790496223238,827214126
784452795453829120,4691508230
784452814886072320,406456418
784452821122965504,734168909553766405
784452833097637890,14115262
784452838537723904,1022143381
784452856346574849,1375182300
784452863699197953,749097009835978754
784452871647440896,390206490
784452872108781568,379348773
784452879167795200,2436970602
784452890840670208,245035945
784452905902284800,4838520568
784452938529906688,41186732
784452944355655680,762105352213164032
784452982783868930,303429035
784452997417799684,2369654078
784452998562971648,534117566
784453006905511940,2384266081
784453015340257280,373639969
784453046021394432,378812637
784453047699111936,765875761010077696
784453059044859904,707253890299744256
784453074366726144,735933453070258176
784453089965150208,554201184
784453093526155264,884604300
784453099813539841,776157879892140035
784453112325033984,2854075845
784453113415553024,1723768340
784453128368234496,762488659966775298
784453137872584704,757098405109780484
